-0.496097
-0.466497
-0.353970
0.009841
0.492887
-0.502037
-0.489922
-0.442441
-0.267679
0.220202
0.289057
0.145439
0.402049
-0.172432
0.383233
-0.112411
0.448692
-0.333431
0.065314
0.473504
-0.426169
-0.211938
0.324421
0.056934
0.478011
-0.443541
-0.271526
0.212093
0.303475
0.110563
0.439464
-0.300199
0.147920
0.399017
-0.162568
0.395970
-0.152731
0.407897
-0.191662
0.356166
-0.031036
0.491415
-0.496171
-0.466786
-0.355034
0.006876
0.493229
-0.503406
-0.495362
-0.463619
-0.343401
0.038808
0.485837
-0.474094
-0.382179
-0.071848
0.476610
-0.438124
-0.252685
0.250680
0.230164
0.270626
0.187600
0.343828
0.004110
0.493486
-0.504431
-0.499442
-0.479655
-0.403124
-0.136619
0.425759
-0.252096
0.251841
0.227773
0.275121
0.177567
0.358972
-0.039201
0.489519
-0.488641
-0.437491
-0.250498
0.254975
0.221267
0.287124
0.149986
0.396454
-0.154288
0.406061
-0.185595
0.365024
-0.057023
0.483529
-0.465033
-0.348586
0.024707
0.490107
-0.490972
-0.446511
-0.281955
0.189512
0.340850
0.012412
0.492532
-0.500623
-0.484320
-0.420886
-0.194294
0.352230
-0.019691
0.493163
-0.503143
-0.494314
-0.459520
-0.328465
0.078218
0.465466
-0.395585
-0.112901
0.448275
-0.331912
0.069281
0.471175
-0.417254
-0.182297
0.369718
-0.071046
0.477030
-0.439744
-0.258295
0.239489
0.252652
0.226097
0.278246
0.170498
0.369159
-0.069366
0.477891
-0.443075
-0.269897
0.215542
0.297407
0.125443
0.424691
-0.248411
0.259039
0.212714
0.302388
0.113249
0.436929
-0.291186
0.168801
0.371545
-0.076553
0.474047
-0.428251
-0.218953
0.312673
0.087445
0.458902
-0.370995
-0.038698
0.489651
-0.489164
-0.439512
-0.257491
0.241107
0.249462
0.232660
0.265883
0.198009
0.327265
0.049380
0.481592
-0.457460
-0.321009
0.097225
0.451200
-0.342582
0.041014
0.485025
-0.470901
-0.370265
-0.036571
0.490188
-0.491295
-0.447763
-0.286371
0.179689
0.355837
-0.030083
0.491601
-0.496914
-0.469700
-0.365808
-0.023665
0.492668
-0.501166
-0.486468
-0.429122
-0.221898
0.307624
0.100220
0.448690
-0.333422
0.065338
0.473491
-0.426116
-0.211761
0.324713
0.056162
0.478398
-0.445040
-0.276781
0.200825
0.322635
0.061643
0.475548
-0.434025
-0.238586
0.277699
0.171741
0.367397
-0.064090
0.480450
-0.453010
-0.305021
0.136480
0.412589
-0.207291
0.331987
0.036699
0.486576
-0.477007
-0.393122
-0.105250
0.454578
-0.354984
0.007016
0.493215
-0.503348
-0.495130
-0.462707
-0.340068
0.047757
0.482302
-0.460231
-0.331048
0.071530
0.469799
-0.412006
-0.165144
0.392719
-0.142314
0.419682
-0.231251
0.291126
0.140536
0.407897
-0.191662
0.356165
-0.031034
0.491415
-0.496173
-0.466793
-0.355058
0.006810
0.493236
-0.503434
-0.495471
-0.464043
-0.344955
0.034604
0.487276
-0.479768
-0.403552
-0.137978
0.424333
-0.247177
0.261425
0.207631
0.311184
0.091233
0.456010
-0.360270
-0.007851
0.493890
-0.506048
-0.505900
-0.505310
-0.502951
-0.493550
-0.456539
-0.317689
0.105545
0.444046
-0.316615
0.108218
0.441631
-0.307939
0.129470
0.420389
-0.233659
0.286766
0.150827
0.395402
-0.150903
0.410028
-0.198738
0.345462
-0.000472
0.493776
-0.505591
-0.504073
-0.498018
-0.474041
-0.381981
-0.071252
0.476922
-0.439328
-0.256854
0.242387
0.246924
0.237824
0.255913
0.219305
0.290678
0.141601
0.406643
-0.187516
0.362252
-0.048822
0.486601
-0.477104
-0.393486
-0.106377
0.453679
-0.351674
0.016210
0.491912
-0.498151
-0.474565
-0.383944
-0.077170
0.473698
-0.426910
-0.214430
0.320293
0.067780
0.472071
-0.420679
-0.193608
0.353262
-0.022654
0.492806
-0.501716
-0.488649
-0.437520
-0.250600
0.254776
0.221683
0.286367
0.151761
0.394226
-0.147132
0.414339
-0.213165
0.322395
0.062274
0.475204
-0.432701
-0.234061
0.286033
0.152542
0.393237
-0.143970
0.417867
-0.225082
0.302086
0.113994
0.436215
-0.288656
0.174544
0.363377
-0.052144
0.485422
-0.472461
-0.376077
-0.053638
0.484862
-0.470263
-0.367896
-0.029691
0.491676
-0.497211
-0.470866
-0.370137
-0.036197
0.490279
-0.491654
-0.449158
-0.291309
0.168520
0.371938
-0.077740
0.473372
-0.425661
-0.210232
0.327219
0.049504
0.481537
-0.457245
-0.320233
0.099178
0.449571
-0.336632
0.056890
0.478033
-0.443625
-0.271820
0.211468
0.304563
0.107863
0.441955
-0.309102
0.126656
0.423409
-0.244001
0.267511
0.194457
0.333014
0.033915
0.487499
-0.480645
-0.406879
-0.148603
0.412672
-0.207568
0.331542
0.037902
0.486159
-0.475362
-0.386934
-0.086242
0.468210
-0.405966
-0.145678
0.415972
-0.218667
0.313160
0.086202
0.459826
-0.374436
-0.048790
0.486612
-0.477148
-0.393652
-0.106891
0.453265
-0.350153
0.020405
0.491093
-0.494891
-0.461775
-0.336667
0.056798
0.478080
-0.443807
-0.272455
0.210118
0.306907
0.102017
0.447148
-0.327822
0.079875
0.464337
-0.391333
-0.099723
0.458839
-0.370762
-0.038018
0.489827
-0.489860
-0.442204
-0.266855
0.221925
0.285926
0.152791
0.392920
-0.142957
0.418981
-0.228862
0.295406
0.130286
0.419501
-0.230632
0.292239
0.137884
0.410980
-0.201910
0.340532
0.013295
0.492398
-0.500089
-0.482210
-0.412831
-0.167826
0.389278
-0.131385
0.431115
-0.270716
0.213811
0.300463
0.117985
0.432317
-0.274926
0.204827
0.315947
0.079053
0.464900
-0.393452
-0.106273
0.453762
-0.351979
0.015365
0.492060
-0.498741
-0.476887
-0.392669
-0.103848
0.455682
-0.359058
-0.004421
0.493891
-0.506052
-0.505917
-0.505378
-0.503222
-0.494630
-0.460755
-0.332953
0.066565
0.472783
-0.423405
-0.202679
0.339326
0.016635
0.491836
-0.497847
-0.473367
-0.379459
-0.063694
0.480633
-0.453723
-0.307572
0.130356
0.419425
-0.230374
0.292703
0.136775
0.412252
-0.206163
0.333798
0.031788
0.488162
-0.483265
-0.416852
-0.180975
0.371573
-0.076638
0.473999
-0.428066
-0.218327
0.313737
0.084726
0.460907
-0.378469
-0.060739
0.481960
-0.458896
-0.326204
0.084029
0.461412
-0.380357
-0.066377
0.479368
-0.448804
-0.290055
0.171376
0.367916
-0.065642
0.479721
-0.450174
-0.294912
0.160247
0.383221
-0.112373
0.448724
-0.333548
0.065006
0.473680
-0.426842
-0.214200
0.320676
0.066780
0.472658
-0.422924
-0.201076
0.341835
0.009674
0.492908
-0.502121
-0.490257
-0.443739
-0.272217
0.210625
0.306029
0.104212
0.445230
-0.320882
0.097546
0.450935
-0.341612
0.043621
0.484015
-0.466938
-0.355593
0.005315
0.493382
-0.504015
-0.497784
-0.473120
-0.378536
-0.060941
0.481871
-0.458551
-0.324956
0.087220
0.459070
-0.371619
-0.040523
0.489162
-0.487226
-0.432035
-0.231790
0.290155
0.142842
0.405171
-0.182664
0.369199
-0.069487
0.477830
-0.442839
-0.269069
0.217286
0.294302
0.132944
0.416573
-0.220699
0.309687
0.095023
0.453002
-0.349185
0.023065
0.490501
-0.492536
-0.452588
-0.303515
0.140075
0.408438
-0.193455
0.353492
-0.023314
0.492717
-0.501360
-0.487238
-0.432084
-0.231955
0.289857
0.143548
0.404328
-0.179894
0.373081
-0.081203
0.471339
-0.417881
-0.184359
0.366793
-0.062288
0.481273
-0.456218
-0.316532
0.108425
0.441441
-0.307260
0.131107
0.418602
-0.227576
0.297691
0.124754
0.425415
-0.250908
0.254174
0.222938
0.284074
0.157104
0.387364
-0.125344
0.437024
-0.291522
0.168033
0.372617
-0.079795
0.472177
-0.421083
-0.194950
0.351241
-0.016860
0.493439
-0.504245
-0.498701
-0.476731
-0.392081
-0.102031
0.457089
-0.364265
-0.019232
0.493213
-0.503339
-0.495094
-0.462568
-0.339558
0.049118
0.481708
-0.457913
-0.322646
0.093091
0.454549
-0.354879
0.007309
0.493184
-0.503224
-0.494637
-0.460779
-0.333041
0.066335
0.472917
-0.423916
-0.204388
0.336626
0.024066
0.490263
-0.491593
-0.448920
-0.290465
0.170443
0.369236
-0.069598
0.477773
-0.442620
-0.268307
0.218887
0.291430
0.139812
0.408745
-0.194473
0.351961
-0.018922
0.493245
-0.503468
-0.495607
-0.464574
-0.346901
0.029313
0.488887
-0.486136
-0.427845
-0.217583
0.314998
0.081493
0.463215
-0.387112
-0.086787
0.467860
-0.404638
-0.141436
0.420636
-0.234504
0.285225
0.154429
0.390828
-0.136296
0.426096
-0.253261
0.249543
0.232494
0.266200
0.197320
0.328388
0.046380
0.482887
-0.462520
-0.339385
0.049581
0.481502
-0.457111
-0.319752
0.100385
0.448548
-0.332909
0.066680
0.472716
-0.423148
-0.201822
0.340671
0.012911
0.492457
-0.500325
-0.483140
-0.416377
-0.179416
0.373746
-0.083220
0.470111
-0.413194
-0.169008
0.387743
-0.126539
0.435878
-0.287467
0.177227
0.359471
-0.040658
0.489125
-0.487077
-0.431464
-0.229846
0.293649
0.134512
0.414819
-0.214779
0.319711
0.069298
0.471165
-0.417213
-0.182161
0.369909
-0.071619
0.476730
-0.438588
-0.254289
0.247507
0.236642
0.258212
0.214464
0.299313
0.120801
0.429489
-0.265041
0.225696
0.278990
0.168802
0.371543
-0.076546
0.474050
-0.428265
-0.218999
0.312595
0.087645
0.458752
-0.370438
-0.037075
0.490064
-0.490802
-0.445853
-0.279638
0.194605
0.332777
0.034560
0.487291
-0.479824
-0.403765
-0.138654
0.423617
-0.244716
0.266147
0.197435
0.328202
0.046879
0.482677
-0.461697
-0.336383
0.057549
0.477699
-0.442335
-0.267309
0.220977
0.287652
0.148747
0.397996
-0.159262
0.400065
-0.165968
0.391668
-0.138967
0.423286
-0.243576
0.268317
0.192689
0.335839
0.026221
0.489725
-0.489456
-0.440639
-0.261402
0.233181
0.264887
0.200173
0.323712
0.058806
0.477053
-0.439834
-0.258609
0.238855
0.253896
0.223517
0.283012
0.159565
0.384127
-0.115197
0.446291
-0.324720
0.087822
0.458620
-0.369944
-0.035636
0.490413
-0.492186
-0.451224
-0.298649
0.151557
0.394483
-0.147955
0.413408
-0.210036
0.327539
0.048649
0.481914
-0.458718
-0.325560
0.085677
0.460213
-0.375877
-0.053045
0.485086
-0.471142
-0.371165
-0.039195
0.489521
-0.488647
-0.437515
-0.250582
0.254812
0.221608
0.286504
0.151440
0.394630
-0.148427
0.412872
-0.208237
0.330460
0.040819
0.485098
-0.471189
-0.371339
-0.039703
0.489385
-0.488109
-0.435439
-0.243433
0.268590
0.192091
0.336789
0.023619
0.490370
-0.492018
-0.450574
-0.296334
0.156954
0.387560
-0.125960
0.436434
-0.289433
0.172786
0.365906
-0.059643
0.482434
-0.460749
-0.332929
0.066628
0.472747
-0.423264
-0.202210
0.340062
0.014597
0.492190
-0.499257
-0.478923
-0.400353
-0.127849
0.434609
-0.282986
0.187234
0.344395
0.002522
0.493605
-0.504909
-0.501349
-0.487196
-0.431920
-0.231396
0.290865
0.141155
0.407169
-0.189254
0.359717
-0.041377
0.488924
-0.486282
-0.428406
-0.219476
0.311781
0.089716
0.457182
-0.364608
-0.020217
0.493105
-0.502910
-0.493389
-0.455909
-0.315419
0.111182
0.438884
-0.298132
0.152765
0.392954
-0.143066
0.418861
-0.228457
0.296127
0.128544
0.421389
-0.237077
0.280497
0.165357
0.376316
-0.091056
0.465031
-0.393944
-0.107798
0.452531
-0.347456
0.027801
0.489306
-0.487797
-0.434234
-0.239303
0.276364
0.174765
0.363058
-0.051200
0.485766
-0.473814
-0.381133
-0.068704
0.478224
-0.444367
-0.274418
0.205920
0.314098
0.083803
0.461574
-0.380964
-0.068198
0.478477
-0.445346
-0.277854
0.198497
0.326468
0.051504
0.480631
-0.453716
-0.307546
0.130418
0.419357
-0.230142
0.293119
0.135780
0.413386
-0.209962
0.327660
0.048327
0.482055
-0.459267
-0.327550
0.080576
0.463854
-0.389513
-0.094127
0.462906
-0.385953
-0.083258
0.470087
-0.413105
-0.168719
0.388119
-0.127723
0.434731
-0.283417
0.186278
0.345870
-0.001621
0.493822
-0.505777
-0.504815
-0.500976
-0.485717
-0.426239
-0.212172
0.324035
0.057952
0.477493
-0.441538
-0.264530
0.226753
0.277026
0.173267
0.365216
-0.057591
0.483296
-0.464121
-0.345242
0.033827
0.487527
-0.480756
-0.407302
-0.149958
0.411120
-0.202378
0.339799
0.015325
0.492067
-0.498768
-0.476994
-0.393073
-0.105099
0.454698
-0.355425
0.005783
0.493338
-0.503840
-0.497089
-0.470388
-0.368362
-0.031040
0.491414
-0.496168
-0.466774
-0.354990
0.007000
0.493217
-0.503355
-0.495157
-0.462815
-0.340461
0.046706
0.482750
-0.461983
-0.337426
0.054788
0.479074
-0.447664
-0.286021
0.180474
0.354666
-0.026699
0.492205
-0.499318
-0.479163
-0.401261
-0.130716
0.431784
-0.273057
0.208833
0.309123
0.096448
0.451840
-0.344925
0.034685
0.487250
-0.479663
-0.403157
-0.136722
0.425651
-0.251725
0.252572
0.226264
0.277936
0.171204
0.368160
-0.066371
0.479371
-0.448816
-0.290095
0.171284
0.368046
-0.066030
0.479535
-0.449452
-0.292350
0.166141
0.375238
-0.087765
0.467224
-0.402231
-0.133785
0.428686
-0.262243
0.231459
0.268170
0.193013
0.335323
0.027631
0.489352
-0.487978
-0.434934
-0.241702
0.271865
0.184851
0.348057
-0.007800
0.493891
-0.506051
-0.505912
-0.505356
-0.503132
-0.494273
-0.459358
-0.327880
0.079726
0.464440
-0.391718
-0.100910
0.457945
-0.367438
-0.028365
0.491919
-0.498180
-0.474677
-0.384366
-0.078446
0.472965
-0.424101
-0.205006
0.335644
0.026753
0.489586
-0.488906
-0.438513
-0.254032
0.248017
0.235606
0.260220
0.210203
0.306759
0.102387
0.446827
-0.326661
0.082859
0.462250
-0.383493
-0.075807
0.474465
-0.429858
-0.224391
0.303295
0.111008
0.439048
-0.298714
0.151404
0.394676
-0.148576
0.412702
-0.207669
0.331378
0.038344
0.486003
-0.474747
-0.384625
-0.079231
0.472508
-0.422351
-0.199164
0.344803
0.001378
0.493679
-0.505204
-0.502525
-0.491860
-0.449958
-0.294146
0.162014
0.380856
-0.105030
0.454752
-0.355626
0.005222
0.493390
-0.504048
-0.497918
-0.473648
-0.380513
-0.066847
0.479140
-0.447920
-0.286928
0.178440
0.357687
-0.035454
0.490455
-0.492356
-0.451887
-0.301011
0.146006
0.401361
-0.170186
0.386202
-0.121691
0.440455
-0.303732
0.139557
0.409042
-0.195461
0.350468
-0.014652
0.493610
-0.504927
-0.501421
-0.487478
-0.433007
-0.235104
0.284126
0.156985
0.387519
-0.125833
0.436556
-0.289864
0.171808
0.367301
-0.063804
0.480583
-0.453527
-0.306870
0.132046
0.417568
-0.224068
0.303857
0.109615
0.440345
-0.303341
0.140488
0.407953
-0.191848
0.355889
-0.030234
0.491572
-0.496798
-0.469246
-0.364124
-0.018829
0.493254
-0.503505
-0.495757
-0.465162
-0.349059
0.023411
0.490420
-0.492214
-0.451335
-0.299044
0.150631
0.395647
-0.151692
0.409111
-0.195690
0.350121
-0.013663
0.493674
-0.505182
-0.502438
-0.491513
-0.448612
-0.289375
0.172918
0.365717
-0.059080
0.482674
-0.461687
-0.336346
0.057646
0.477650
-0.442142
-0.266638
0.222378
0.285099
0.154722
0.390451
-0.135101
0.427335
-0.257552
0.240985
0.249705
0.232164
0.266828
0.195949
0.330612
0.040410
0.485251
-0.471790
-0.373576
-0.046259
0.487451
-0.480456
-0.406162
-0.146305
0.415270
-0.216300
0.317161
0.075918
0.466997
-0.401369
-0.131055
0.431445
-0.271871
0.211359
0.304753
0.107391
0.442385
-0.310641
0.122915
0.427326
-0.257522
0.241046
0.249584
0.232411
0.266358
0.196975
0.328949
0.044879
0.483508
-0.464953
-0.348291
0.025517
0.489905
-0.490170
-0.443402
-0.271040
0.213124
0.301670
0.115019
0.435226
-0.285161
0.182396
0.351784
-0.018414
0.493296
-0.503672
-0.496418
-0.467756
-0.358611
-0.003162
0.493868
-0.505959
-0.505546
-0.503893
-0.497298
-0.471208
-0.371408
-0.039905
0.489331
-0.487893
-0.434607
-0.240580
0.273974
0.180144
0.355160
-0.028125
0.491962
-0.498349
-0.475345
-0.386871
-0.086051
0.468333
-0.406432
-0.147169
0.414298
-0.213025
0.322626
0.061666
0.475535
-0.433978
-0.238424
0.278000
0.171057
0.368368
-0.066994
0.479069
-0.447643
-0.285948
0.180637
0.354424
-0.026001
0.492318
-0.499769
-0.480943
-0.408012
-0.152240
0.408472
-0.193570
0.353319
-0.022818
0.492784
-0.501629
-0.488304
-0.436189
-0.246013
0.263665
0.202816
0.319323
0.070309
0.470551
-0.414871
-0.174481
0.380490
-0.103896
0.455644
-0.358918
-0.004028
0.493886
-0.506029
-0.505823
-0.505002
-0.501719
-0.488661
-0.437569
-0.250770
0.254444
0.222376
0.285102
0.154715
0.390460
-0.135130
0.427305
-0.257449
0.241191
0.249296
0.233000
0.265232
0.199423
0.324947
0.055540
0.478706
-0.446235
-0.280981
0.191659
0.337472
0.021743
0.490802
-0.493735
-0.457258
-0.320283
0.099053
0.449676
-0.337017
0.055873
0.478542
-0.445597
-0.278736
0.196576
0.329597
0.043139
0.484206
-0.467686
-0.358352
-0.002431
0.493849
-0.505882
-0.505237
-0.502661
-0.492398
-0.452052
-0.301600
0.144614
0.403046
-0.175692
0.378853
-0.098845
0.459494
-0.373199
-0.045152
0.487802
-0.481842
-0.411431
-0.163277
0.395080
-0.149872
0.411218
-0.202707
0.339282
0.016756
0.491813
-0.497758
-0.473019
-0.378160
-0.059818
0.482359
-0.460455
-0.331861
0.069415
0.471094
-0.416945
-0.181282
0.371144
-0.075343
0.474723
-0.430850
-0.227757
0.297370
0.125533
0.424597
-0.248087
0.259667
0.211380
0.304716
0.107482
0.442301
-0.310343
0.123641
0.426575
-0.254919
0.246254
0.239178
0.253264
0.224830
0.280592
0.165139
0.376615
-0.091971
0.464405
-0.391588
-0.100510
0.458248
-0.368562
-0.031621
0.491297
-0.495701
-0.464944
-0.348259
0.025603
0.489883
-0.490083
-0.443065
-0.269862
0.215616
0.297276
0.125762
0.424356
-0.247256
0.261272
0.207957
0.310625
0.092651
0.454898
-0.356164
0.003715
0.493518
-0.504557
-0.499947
-0.481647
-0.410689
-0.160873
0.398080
-0.159535
0.399730
-0.164882
0.393052
-0.143379
0.418517
-0.227288
0.298202
0.123511
0.426710
-0.255385
0.245325
0.241050
0.249575
0.232428
0.266324
0.197048
0.328830
0.045196
0.483378
-0.464443
-0.346422
0.030619
0.488510
-0.484644
-0.422125
-0.198413
0.345961
-0.001879
0.493831
-0.505813
-0.504959
-0.501548
-0.487984
-0.434956
-0.241776
0.271724
0.185163
0.347580
-0.006448
0.493902
-0.506095
-0.506089
-0.506066
-0.505972
-0.505595
-0.504087
-0.498073
-0.474257
-0.382790
-0.073686
0.475630
-0.434341
-0.239667
0.275683
0.176302
0.360825
-0.044624
0.487965
-0.482490
-0.413895
-0.171294
0.384742
-0.117120
0.444599
-0.318605
0.103258
0.446068
-0.323913
0.089876
0.457059
-0.364154
-0.018916
0.493245
-0.503470
-0.495615
-0.464608
-0.347025
0.028975
0.488982
-0.486513
-0.429292
-0.222473
0.306629
0.102712
0.446544
-0.325636
0.085484
0.460354
-0.376405
-0.054609
0.484489
-0.468798
-0.362466
-0.014093
0.493647
-0.505075
-0.502011
-0.489819
-0.442042
-0.266289
0.223103
0.283771
0.157807
0.386444
-0.122453
0.439748
-0.301211
0.145535
0.401934
-0.172055
0.383736
-0.113976
0.447351
-0.328561
0.077973
0.465632
-0.396210
-0.114850
0.446594
-0.325817
0.085020
0.460693
-0.377670
-0.058363
0.482976
-0.462868
-0.340654
0.046189
0.482967
-0.462833
-0.340528
0.046528
0.482825
-0.462277
-0.338496
0.051948
0.480425
-0.452915
-0.304681
0.137295
0.411658
-0.204174
0.336965
0.023136
0.490484
-0.492471
-0.452334
-0.302606
0.142233
0.405895
-0.185048
0.365809
-0.059354
0.482557
-0.461231
-0.334685
0.062024
0.475341
-0.433228
-0.235859
0.282742
0.160191
0.383295
-0.112604
0.448528
-0.332834
0.066876
0.472602
-0.422710
-0.200361
0.342949
0.006568
0.493261
-0.503532
-0.495864
-0.465582
-0.350602
0.019168
0.491349
-0.495910
-0.465763
-0.351267
0.017335
0.491706
-0.497332
-0.471342
-0.371906
-0.041361
0.488928
-0.486300
-0.428474
-0.219707
0.311387
0.090717
0.456410
-0.361751
-0.012054
0.493761
-0.505530
-0.503828
-0.497040
-0.470195
-0.367642
-0.028956
0.491813
-0.497754
-0.473004
-0.378103
-0.059651
0.482431
-0.460737
-0.332885
0.066743
0.472680
-0.423008
-0.201354
0.341401
0.010881
0.492750
-0.501490
-0.487754
-0.434068
-0.238735
0.277422
0.172369
0.366502
-0.061418
0.481661
-0.457731
-0.321988
0.094756
0.453217
-0.349977
0.020889
0.490990
-0.494479
-0.460165
-0.330805
0.072161
0.469405
-0.410507
-0.160286
0.398806
-0.161883
0.396825
-0.155484
0.404637
-0.180907
0.371669
-0.076926
0.473836
-0.427442
-0.216221
0.317294
0.075575
0.467221
-0.402220
-0.133750
0.428721
-0.262367
0.231207
0.268650
0.191959
0.336997
0.023047
0.490505
-0.492554
-0.452656
-0.303755
0.139502
0.409106
-0.195674
0.350146
-0.013733
0.493669
-0.505165
-0.502370
-0.491244
-0.447565
-0.285672
0.181255
0.353498
-0.023334
0.492714
-0.501349
-0.487196
-0.431921
-0.231399
0.290860
0.141169
0.407153
-0.189201
0.359795
-0.041605
0.488859
-0.486026
-0.427424
-0.216161
0.317395
0.075313
0.467392
-0.402867
-0.135803
0.426609
-0.255036
0.246020
0.239649
0.252337
0.226750
0.277032
0.173255
0.365234
-0.057646
0.483274
-0.464033
-0.344918
0.034704
0.487244
-0.479639
-0.403063
-0.136424
0.425963
-0.252801
0.250453
0.230631
0.269742
0.189553
0.340787
0.012589
0.492506
-0.500518
-0.483906
-0.419301
-0.189045
0.360023
-0.042275
0.488667
-0.485266
-0.424507
-0.206363
0.333477
0.032659
0.487894
-0.482209
-0.412826
-0.167810
0.389299
-0.131450
0.431050
-0.270488
0.214292
0.299617
0.120058
0.430242
-0.267665
0.220233
0.289002
0.145569
0.401892
-0.171919
0.383916
-0.114539
0.446864
-0.326795
0.082516
0.462494
-0.384407
-0.078570
0.472894
-0.423827
-0.204089
0.337100
0.022766
0.490570
-0.492813
-0.453664
-0.307362
0.130862
0.418871
-0.228490
0.296068
0.128686
0.421236
-0.236553
0.281463
0.163139
0.379340
-0.100344
0.458373
-0.369029
-0.032974
0.491013
-0.494573
-0.460532
-0.332142
0.068683
0.471534
-0.418624
-0.186812
0.363272
-0.051833
0.485536
-0.472910
-0.377752
-0.058606
0.482874
-0.462469
-0.339199
0.050076
0.481281
-0.456248
-0.316639
0.108157
0.441686
-0.308139
0.128987
0.420911
-0.235443
0.283504
0.158427
0.385630
-0.119899
0.442099
-0.309617
0.125405
0.424731
-0.248549
0.258771
0.213282
0.301394
0.115699
0.434565
-0.282831
0.187578
0.343863
0.004014
0.493494
-0.504462
-0.499567
-0.480146
-0.404985
-0.142543
0.419433
-0.230400
0.292655
0.136890
0.412121
-0.205723
0.334500
0.029875
0.488727
-0.485500
-0.425405
-0.209374
0.328617
0.045767
0.483143
-0.463522
-0.343048
0.039759
0.485491
-0.472735
-0.377101
-0.056672
0.483671
-0.465591
-0.350636
0.019074
0.491368
-0.495985
-0.466058
-0.352352
0.014332
0.492233
-0.499431
-0.479608
-0.402947
-0.136057
0.426344
-0.254120
0.247841
0.235963
0.259529
0.211673
0.304207
0.108748
0.441145
-0.306200
0.133655
0.415780
-0.218018
0.314261
0.083384
0.461875
-0.382091
-0.071581
0.476750
-0.438665
-0.254556
0.246976
0.237718
0.256119
0.218874
0.291454
0.139755
0.408812
-0.194695
0.351626
-0.017962
0.493340
-0.503846
-0.497113
-0.470484
-0.368719
-0.032074
0.491203
-0.495330
-0.463490
-0.342931
0.040074
0.485375
-0.472279
-0.375400
-0.051634
0.485608
-0.473195
-0.378816
-0.061775
0.481503
-0.457112
-0.319754
0.100381
0.448553
-0.332923
0.066642
0.472739
-0.423233
-0.202107
0.340224
0.014149
0.492263
-0.499550
-0.480078
-0.404729
-0.141726
0.420323
-0.233433
0.287177
0.149864
0.396606
-0.154779
0.405478
-0.183675
0.367767
-0.065197
0.479932
-0.450994
-0.297830
0.153471
0.392054
-0.140197
0.421972
-0.239072
0.276794
0.173792
0.364462
-0.055353
0.484198
-0.467656
-0.358244
-0.002126
0.493840
-0.505845
-0.505088
-0.502064
-0.490030
-0.442862
-0.269152
0.217112
0.294614
0.132194
0.417404
-0.223512
0.304827
0.107208
0.442550
-0.311236
0.121464
0.428815
-0.262693
0.230538
0.269917
0.189167
0.341390
0.010913
0.492745
-0.501473
-0.487687
-0.433810
-0.237850
0.279065
0.168632
0.371781
-0.077266
0.473643
-0.426700
-0.213724
0.321467
0.064708
0.473849
-0.427492
-0.216390
0.317011
0.076306
0.466741
-0.400402
-0.128003
0.434459
-0.282457
0.188404
0.342580
0.007599
0.493152
-0.503098
-0.494137
-0.458827
-0.325954
0.084670
0.460947
-0.378621
-0.061192
0.481761
-0.458120
-0.323395
0.091193
0.456041
-0.360386
-0.008180
0.493885
-0.506028
-0.505820
-0.504988
-0.501664
-0.488441
-0.436719
-0.247836
0.260152
0.210348
0.306509
0.103011
0.446284
-0.324692
0.087892
0.458567
-0.369748
-0.035066
0.490546
-0.492716
-0.453286
-0.306010
0.134113
0.415266
-0.216287
0.317184
0.075860
0.467034
-0.401512
-0.131508
0.430991
-0.270284
0.214725
0.298853
0.121924
0.428345
-0.261057
0.233886
0.263535
0.203096
0.318855
0.071527
0.469800
-0.412012
-0.165164
0.392694
-0.142236
0.419768
-0.231543
0.290599
0.141788
0.406422
-0.186788
0.363307
-0.051935
0.485498
-0.472762
-0.377201
-0.056968
0.483551
-0.465121
-0.348908
0.023827
0.490321
-0.491821
-0.449809
-0.293616
0.163234
0.379210
-0.099943
0.458675
-0.370149
-0.036232
0.490270
-0.491621
-0.449030
-0.290853
0.169559
0.370482
-0.073344
0.475814
-0.435052
-0.242107
0.271100
0.186549
0.345453
-0.000447
0.493775
-0.505587
-0.504056
-0.497947
-0.473762
-0.380938
-0.068118
0.478516
-0.445499
-0.278394
0.197321
0.328387
0.046385
0.482885
-0.462513
-0.339359
0.049649
0.481472
-0.456993
-0.319325
0.101457
0.447631
-0.329575
0.075352
0.467367
-0.402771
-0.135496
0.426927
-0.256136
0.243825
0.244058
0.243592
0.244524
0.242657
0.246387
0.238909
0.253789
0.223738
0.282605
0.160506
0.382876
-0.111298
0.449634
-0.336862
0.056281
0.478338
-0.444809
-0.275968
0.202582
0.319714
0.069291
0.471169
-0.417230
-0.182219
0.369827
-0.071375
0.476858
-0.439081
-0.255996
0.244105
0.243497
0.244713
0.242279
0.247140
0.237387
0.256765
0.217516
0.293890
0.133932
0.415470
-0.216972
0.316030
0.078839
0.465046
-0.394001
-0.107973
0.452388
-0.346933
0.029228
0.488911
-0.486231
-0.428211
-0.218817
0.312904
0.086855
0.459342
-0.372634
-0.043494
0.488308
-0.483846
-0.419072
-0.188289
0.361128
-0.045515
0.487688
-0.481392
-0.409718
-0.157734
0.401928
-0.172034
0.383762
-0.114059
0.447280
-0.328301
0.078642
0.465179
-0.394504
-0.109538
0.451103
-0.342226
0.041972
0.484660
-0.469469
-0.364950
-0.021198
0.492991
-0.502452
-0.491570
-0.448830
-0.290147
0.171165
0.368215
-0.066537
0.479291
-0.448505
-0.288995
0.173779
0.364481
-0.055411
0.484175
-0.467567
-0.357915
-0.001200
0.493807
-0.505714
-0.504563
-0.499969
-0.481735
-0.411020
-0.161948
0.396745
-0.155224
0.404948
-0.181930
0.370234
-0.072598
0.476213
-0.436591
-0.247397
0.261001
0.208536
0.309633
0.095160
0.452890
-0.348776
0.024187
0.490234
-0.491477
-0.448470
-0.288872
0.174057
0.364081
-0.054225
0.484637
-0.469380
-0.364621
-0.020254
0.493101
-0.502893
-0.493323
-0.455652
-0.314494
0.113468
0.436719
-0.290442
0.170496
0.369162
-0.069375
0.477886
-0.443058
-0.269836
0.215669
0.297181
0.125992
0.424112
-0.246417
0.262889
0.204489
0.316516
0.077585
0.465892
-0.397193
-0.117920
0.443885
-0.316035
0.109658
0.440305
-0.303199
0.140825
0.407558
-0.190541
0.357825
-0.035856
0.490360
-0.491979
-0.450419
-0.295786
0.158225
0.385895
-0.120729
0.441341
-0.306903
0.131966
0.417657
-0.224368
0.303335
0.110909
0.439141
-0.299046
0.150627
0.395652
-0.151708
0.409093
-0.195630
0.350212
-0.013923
0.493658
-0.505118
-0.502183
-0.490502
-0.444689
-0.275548
0.203488
0.318199
0.073231
0.468731
-0.407943
-0.152018
0.408731
-0.194427
0.352030
-0.019118
0.493225
-0.503387
-0.495284
-0.463312
-0.342277
0.041836
0.484712
-0.469673
-0.365707
-0.023375
0.492709
-0.501327
-0.487106
-0.431577
-0.230227
0.292965
0.136149
0.412967
-0.208557
0.329942
0.042212
0.484568
-0.469106
-0.363605
-0.017343
0.493397
-0.504075
-0.498023
-0.474063
-0.382063
-0.071500
0.476793
-0.438829
-0.255125
0.245844
0.240006
0.251636
0.228197
0.274327
0.179351
0.356339
-0.031537
0.491314
-0.495769
-0.465212
-0.349242
0.022909
0.490537
-0.492680
-0.453149
-0.305519
0.135288
0.413943
-0.211833
0.324593
0.056477
0.478240
-0.444429
-0.274637
0.205447
0.314898
0.081751
0.463033
-0.386432
-0.084716
0.469179
-0.409649
-0.157512
0.402197
-0.172914
0.382591
-0.110413
0.450376
-0.339569
0.049090
0.481720
-0.457960
-0.322818
0.092655
0.454895
-0.356152
0.003749
0.493515
-0.504547
-0.499905
-0.481480
-0.410051
-0.158813
0.400614
-0.167755
0.389370
-0.131674
0.430824
-0.269700
0.215957
0.296670
0.127230
0.422798
-0.241901
0.271490
0.185684
0.346782
-0.004193
0.493888
-0.506039
-0.505865
-0.505169
-0.502389
-0.491318
-0.447852
-0.286687
0.178982
0.356886
-0.033125
0.490981
-0.494444
-0.460027
-0.330306
0.073458
0.468587
-0.407397
-0.150264
0.410767
-0.201201
0.341641
0.010215
0.492838
-0.501844
-0.489157
-0.439486
-0.257399
0.241292
0.249097
0.233406
0.264454
0.201110
0.322163
0.062882
0.474870
-0.431415
-0.229678
0.293950
0.133789
0.415630
-0.217513
0.315117
0.081189
0.463427
-0.387910
-0.089220
0.466265
-0.398603
-0.122339
0.439855
-0.301590
0.144640
0.403016
-0.175591
0.378990
-0.099267
0.459180
-0.372030
-0.041724
0.488825
-0.485892
-0.426908
-0.214425
0.320302
0.067758
0.472084
-0.420728
-0.193773
0.353014
-0.021942
0.492898
-0.502084
-0.490110
-0.443169
-0.270224
0.214852
0.298629
0.122470
0.427784
-0.259109
0.237843
0.255876
0.219383
0.290536
0.141936
0.406247
-0.186208
0.364143
-0.054409
0.484566
-0.469101
-0.363587
-0.017294
0.493401
-0.504092
-0.498094
-0.474340
-0.383103
-0.074631
0.475115
-0.432360
-0.232895
0.288153
0.147569
0.399450
-0.163971
0.394206
-0.147068
0.414412
-0.213410
0.321988
0.063342
0.474615
-0.430436
-0.226350
0.299858
0.119469
0.430835
-0.269737
0.215878
0.296810
0.126891
0.423159
-0.243141
0.269144
0.190872
0.338716
0.018319
0.491518
-0.496582
-0.468397
-0.360981
-0.009868
0.493846
-0.505870
-0.505188
-0.502462
-0.491610
-0.448987
-0.290703
0.169900
0.370002
-0.071900
0.476583
-0.438018
-0.252318
0.251404
0.228675
0.273431
0.181359
0.353343
-0.022887
0.492775
-0.501592
-0.488157
-0.435625
-0.244073
0.267373
0.194759
0.332530
0.035228
0.487072
-0.478960
-0.400492
-0.128286
0.434183
-0.281484
0.190552
0.339219
0.016928
0.491782
-0.497633
-0.472525
-0.376316
-0.054346
0.484591
-0.469198
-0.363945
-0.018317
0.493305
-0.503710
-0.496569
-0.468346
-0.360794
-0.009336
0.493861
-0.505930
-0.505426
-0.503414
-0.495393
-0.463738
-0.343839
0.037626
0.486256
-0.475744
-0.388368
-0.090622
0.465325
-0.395055
-0.111248
0.449676
-0.337014
0.055880
0.478538
-0.445582
-0.278684
0.196689
0.329413
0.043635
0.484010
-0.466916
-0.355514
0.005535
0.493361
-0.503933
-0.497460
-0.471847
-0.373788
-0.046883
0.487249
-0.479660
-0.403142
-0.136675
0.425700
-0.251894
0.252238
0.226954
0.276651
0.174117
0.363994
-0.053967
0.484737
-0.469770
-0.366067
-0.024410
0.492561
-0.500739
-0.484780
-0.422644
-0.200141
0.343291
0.005615
0.493354
-0.503904
-0.497342
-0.471384
-0.372063
-0.041821
0.488798
-0.485782
-0.426488
-0.213010
0.322651
0.061600
0.475571
-0.434115
-0.238893
0.277127
0.173038
0.365544
-0.058567
0.482890
-0.462533
-0.339432
0.049456
0.481558
-0.457328
-0.320534
0.098421
0.450207
-0.338950
0.050739
0.480981
-0.455080
-0.312439
0.118521
0.431784
-0.273058
0.208831
0.309125
0.096442
0.451845
-0.344944
0.034635
0.487266
-0.479727
-0.403399
-0.137491
0.424846
-0.248946
0.258002
0.214910
0.298526
0.122721
0.427526
-0.258216
0.239648
0.252340
0.226744
0.277042
0.173230
0.365269
-0.057749
0.483231
-0.463867
-0.344310
0.036352
0.486695
-0.477473
-0.394879
-0.110701
0.450135
-0.338689
0.051434
0.480663
-0.453841
-0.307995
0.129333
0.420537
-0.234164
0.285846
0.152979
0.392681
-0.142194
0.419813
-0.231698
0.290321
0.142448
0.405640
-0.184209
0.367008
-0.062928
0.480984
-0.455090
-0.312474
0.118436
0.431868
-0.273353
0.208201
0.310208
0.093707
0.454059
-0.353072
0.012336
0.492543
-0.500668
-0.484498
-0.421567
-0.196558
0.348801
-0.009910
0.493845
-0.505865
-0.505167
-0.502381
-0.491285
-0.447727
-0.286246
0.179970
0.355419
-0.028874
0.491828
-0.497814
-0.473239
-0.378984
-0.062275
0.481279
-0.456240
-0.316611
0.108228
0.441622
-0.307907
0.129547
0.420306
-0.233375
0.287282
0.149617
0.396915
-0.155774
0.404290
-0.179768
0.373257
-0.081736
0.471018
-0.416654
-0.180324
0.372483
-0.079388
0.472416
-0.421999
-0.197995
0.346604
-0.003690
0.493879
-0.506005
-0.505726
-0.504614
-0.500173
-0.482542
-0.414096
-0.171950
0.383874
-0.114407
0.446978
-0.327208
0.081455
0.463241
-0.387212
-0.087091
0.467663
-0.403892
-0.139058
0.423188
-0.243242
0.268952
0.191293
0.338051
0.020151
0.491147
-0.495104
-0.462606
-0.339700
0.048741
0.481874
-0.458561
-0.324989
0.087135
0.459134
-0.371857
-0.041216
0.488969
-0.486461
-0.429095
-0.221805
0.307783
0.099819
0.449030
-0.334661
0.062087
0.475306
-0.433096
-0.235407
0.283570
0.158273
0.385832
-0.120532
0.441521
-0.307548
0.130414
0.419362
-0.230159
0.293089
0.135853
0.413303
-0.209683
0.328114
0.047115
0.482577
-0.461306
-0.334958
0.061306
0.475730
-0.434728
-0.240993
0.273198
0.181879
0.352563
-0.020645
0.493056
-0.502714
-0.492610
-0.452876
-0.304541
0.137629
0.411273
-0.202890
0.338993
0.017553
0.491665
-0.497168
-0.470699
-0.369515
-0.034388
0.490701
-0.493332
-0.455689
-0.314628
0.113137
0.437035
-0.291563
0.167939
0.372748
-0.080192
0.471942
-0.420185
-0.191972
0.355706
-0.029703
0.491674
-0.497202
-0.470832
-0.370011
-0.035829
0.490367
-0.492004
-0.450518
-0.296136
0.157413
0.386960
-0.124075
0.438228
-0.295796
0.158200
0.385928
-0.120832
0.441247
-0.306564
0.132782
0.416753
-0.221306
0.308644
0.097654
0.450845
-0.341283
0.044505
0.483660
-0.465548
-0.350476
0.019517
0.491278
-0.495627
-0.464655
-0.347198
0.028505
0.489113
-0.487032
-0.431289
-0.229248
0.294718
0.131944
0.417681
-0.224450
0.303190
0.111267
0.438805
-0.297849
0.153427
0.392111
-0.140377
0.421778
-0.238407
0.278031
0.170986
0.368468
-0.067294
0.478923
-0.447074
-0.283940
0.185116
0.347653
-0.006654
0.493901
-0.506092
-0.506078
-0.506018
-0.505780
-0.504829
-0.501030
-0.485930
-0.427057
-0.214924
0.319469
0.069930
0.470782
-0.415754
-0.177371
0.376564
-0.091817
0.464511
-0.391986
-0.101737
0.457315
-0.365100
-0.021628
0.492938
-0.502242
-0.490736
-0.445594
-0.278728
0.196593
0.329569
0.043215
0.484176
-0.467569
-0.357921
-0.001217
0.493807
-0.505716
-0.504574
-0.500013
-0.481909
-0.411686
-0.164105
0.394037
-0.146526
0.415022
-0.215463
0.318567
0.072275
0.469334
-0.410236
-0.159410
0.399884
-0.165379
0.392420
-0.141361
0.420718
-0.234782
0.284715
0.155615
0.389299
-0.131450
0.431049
-0.270486
0.214298
0.299606
0.120084
0.430216
-0.267574
0.220422
0.288658
0.146380
0.400905
-0.168701
0.388143
-0.127800
0.434656
-0.283152
0.186866
0.344964
0.000927
0.493705
-0.505308
-0.502943
-0.493519
-0.456416
-0.317246
0.106649
0.443056
-0.313052
0.117017
0.433274
-0.278286
0.197556
0.328004
0.047407
0.482452
-0.460819
-0.333183
0.065963
0.473132
-0.424739
-0.207142
0.332227
0.036049
0.486797
-0.477878
-0.396404
-0.115455
0.446066
-0.323906
0.089894
0.457045
-0.364101
-0.018763
0.493261
-0.503532
-0.495863
-0.465580
-0.350596
0.019186
0.491346
-0.495895
-0.465706
-0.351057
0.017915
0.491596
-0.496893
-0.469619
-0.365506
-0.022797
0.492787
-0.501641
-0.488350
-0.436366
-0.246622
0.262494
0.205337
0.315084
0.081273
0.463368
-0.387690
-0.088549
0.466709
-0.400282
-0.127625
0.434827
-0.283754
0.185531
0.347017
-0.004858
0.493897
-0.506073
-0.505999
-0.505704
-0.504524
-0.499814
-0.481123
-0.408696
-0.154441
0.405879
-0.184996
0.365883
-0.059575
0.482463
-0.460863
-0.333345
0.065540
0.473375
-0.425673
-0.210271
0.327154
0.049676
0.481460
-0.456947
-0.319158
0.101875
0.447271
-0.328269
0.078726
0.465123
-0.394291
-0.108876
0.451649
-0.344223
0.036586
0.486615
-0.477160
-0.393697
-0.107031
0.453152
-0.349738
0.021548
0.490846
-0.493907
-0.457929
-0.322705
0.092941
0.454668
-0.355317
0.006086
0.493309
-0.503724
-0.496626
-0.468572
-0.361629
-0.011708
0.493777
-0.505594
-0.504084
-0.498060
-0.474207
-0.382603
-0.073124
0.475933
-0.435509
-0.243674
0.268132
0.193095
0.335192
0.027990
0.489255
-0.487593
-0.433449
-0.236615
0.281349
0.163400
0.378985
-0.099250
0.459193
-0.372078
-0.041866
0.488785
-0.485732
-0.426294
-0.212357
0.323731
0.058756
0.477079
-0.439935
-0.258957
0.238151
0.255275
0.220642
0.288261
0.147316
0.399760
-0.164977
0.392931
-0.142993
0.418941
-0.228727
0.295647
0.129705
0.420134
-0.232789
0.288345
0.147116
0.400005
-0.165773
0.391917
-0.139759
0.422441
-0.240676
0.273794
0.180547
0.354559
-0.026388
0.492256
-0.499521
-0.479964
-0.404295
-0.140343
0.421815
-0.238535
0.277794
0.171525
0.367703
-0.065006
0.480022
-0.451345
-0.299080
0.150548
0.395751
-0.152027
0.408721
-0.194394
0.352080
-0.019260
0.493210
-0.503327
-0.495047
-0.462384
-0.338886
0.050909
0.480904
-0.454778
-0.311354
0.121175
0.429109
-0.263717
0.228430
0.273890
0.180332
0.354879
-0.027313
0.492102
-0.498908
-0.477548
-0.395161
-0.111579
0.449397
-0.335997
0.058567
0.477177
-0.440313
-0.260270
0.235488
0.260449
0.209714
0.307604
0.100268
0.448648
-0.333271
0.065732
0.473265
-0.425250
-0.208852
0.329464
0.043496
0.484065
-0.467133
-0.356313
0.003300
0.493549
-0.504685
-0.500456
-0.483658
-0.418354
-0.185919
0.364560
-0.055644
0.484083
-0.467206
-0.356581
0.002547
0.493604
-0.504902
-0.501322
-0.487087
-0.431501
-0.229971
0.293424
0.135049
0.414213
-0.212741
0.323097
0.060427
0.476201
-0.436542
-0.247229
0.261325
0.207843
0.310821
0.092155
0.455289
-0.357606
-0.000329
0.493770
-0.505565
-0.503970
-0.497604
-0.472414
-0.375902
-0.053118
0.485059
-0.471035
-0.370766
-0.038030
0.489824
-0.489849
-0.442160
-0.266700
0.222247
0.285338
0.154164
0.391168
-0.137376
0.424966
-0.249360
0.257196
0.216608
0.295512
0.130030
0.419780
-0.231582
0.290529
0.141954
0.406226
-0.186139
0.364243
-0.054704
0.484452
-0.468652
-0.361926
-0.012554
0.493736
-0.505430
-0.503431
-0.495461
-0.464005
-0.344814
0.034985
0.487151
-0.479275
-0.401686
-0.132057
0.430439
-0.268353
0.218790
0.291606
0.139394
0.409231
-0.196088
0.349516
-0.011942
0.493766
-0.505551
-0.503913
-0.497379
-0.471526
-0.372594
-0.043378
0.488343
-0.483984
-0.419600
-0.190034
0.358571
-0.038031
0.489824
-0.489848
-0.442157
-0.266688
0.222273
0.285290
0.154276
0.391025
-0.136921
0.425444
-0.251008
0.253977
0.223348
0.283322
0.158850
0.385073
-0.118154
0.443676
-0.315282
0.111521
0.438566
-0.297000
0.155406
0.389569
-0.132305
0.430189
-0.267481
0.220617
0.288305
0.147213
0.399887
-0.165390
0.392406
-0.141316
0.420767
-0.234949
0.284411
0.156322
0.388382
-0.128555
0.433919
-0.280557
0.192591
0.335994
0.025796
0.489834
-0.489888
-0.442311
-0.267228
0.221145
0.287346
0.149467
0.397101
-0.156374
0.403570
-0.177408
0.376514
-0.091662
0.464617
-0.392386
-0.102974
0.456362
-0.361572
-0.011547
0.493784
-0.505622
-0.504197
-0.498512
-0.475987
-0.389284
-0.093425
0.463398
-0.387801
-0.088887
0.466486
-0.399438
-0.124964
0.437385
-0.292805
0.165098
0.376671
-0.092143
0.464287
-0.391144
-0.099141
0.459274
-0.372380
-0.042750
0.488529
-0.484718
-0.422408
-0.199355
0.344508
0.002206
0.493627
-0.504994
-0.501691
-0.488549
-0.437135
-0.249270
0.257372
0.216239
0.296169
0.128443
0.421498
-0.237449
0.279808
0.166936
0.374140
-0.084419
0.469365
-0.410356
-0.159798
0.399407
-0.163834
0.394379
-0.147624
0.413784
-0.211298
0.325473
0.054146
0.479386
-0.448872
-0.290295
0.170830
0.368689
-0.067957
0.478596
-0.445808
-0.279479
0.194952
0.332220
0.036069
0.486791
-0.477852
-0.396307
-0.115151
0.446331
-0.324865
0.087453
0.458896
-0.370974
-0.038637
0.489667
-0.489228
-0.439759
-0.258345
0.239386
0.252854
0.225679
0.279021
0.168733
0.371640
-0.076839
0.473885
-0.427631
-0.216859
0.316220
0.078348
0.465379
-0.395256
-0.111874
0.449148
-0.335091
0.060956
0.475918
-0.435453
-0.243482
0.268496
0.192297
0.336462
0.024515
0.490154
-0.491159
-0.447237
-0.284516
0.183835
0.349605
-0.012193
0.493754
-0.505503
-0.503721
-0.496614
-0.468523
-0.361447
-0.011192
0.493799
-0.505682
-0.504437
-0.499467
-0.479752
-0.403491
-0.137786
0.424535
-0.247875
0.260076
0.210509
0.306230
0.103710
0.445672
-0.322481
0.093508
0.454218
-0.353657
0.010711
0.492773
-0.501582
-0.488117
-0.435471
-0.243543
0.268382
0.192548
0.336063
0.025608
0.489882
-0.490078
-0.443046
-0.269795
0.215758
0.297024
0.126373
0.423709
-0.245032
0.265544
0.198746
0.326060
0.052590
0.480126
-0.451750
-0.300521
0.147162
0.399949
-0.165593
0.392147
-0.140493
0.421654
-0.237983
0.278818
0.169195
0.370993
-0.074885
0.474976
-0.431823
-0.231067
0.291456
0.139750
0.408817
-0.194714
0.351598
-0.017880
0.493347
-0.503877
-0.497237
-0.470970
-0.370522
-0.037318
0.490004
-0.490562
-0.444921
-0.276363
0.201728
0.321138
0.065572
0.473357
-0.425603
-0.210037
0.327537
0.048654
0.481912
-0.458709
-0.325526
0.085765
0.460148
-0.375635
-0.052330
0.485353
-0.472190
-0.375068
-0.050655
0.485961
-0.474584
-0.384016
-0.077387
0.473574
-0.426435
-0.212832
0.322947
0.060823
0.475989
-0.435728
-0.244426
0.266700
0.196228
0.330160
0.041627
0.484792
-0.469987
-0.366871
-0.026728
0.492200
-0.499299
-0.479088
-0.400978
-0.129821
0.432673
-0.276175
0.202135
0.320460
0.067345
0.472328
-0.421660
-0.196866
0.348332
-0.008579
0.493878
-0.505999
-0.505703
-0.504521
-0.499803
-0.481077
-0.408519
-0.153869
0.406557
-0.187232
0.362664
-0.050038
0.486180
-0.475444
-0.387242
-0.087183
0.467603
-0.403667
-0.138343
0.423947
-0.245850
0.263978
0.202139
0.320453
0.067363
0.472317
-0.421618
-0.196726
0.348545
-0.009182
0.493865
-0.505945
-0.505488
-0.503663
-0.496382
-0.467615
-0.358093
-0.001700
0.493825
-0.505788
-0.504861
-0.501156
-0.486430
-0.428977
-0.221405
0.308473
0.098085
0.450486
-0.339972
0.048012
0.482191
-0.459800
-0.329483
0.075589
0.467212
-0.402185
-0.133638
0.428837
-0.262768
0.230384
0.270208
0.188523
0.342394
0.008117
0.493094
-0.502867
-0.493219
-0.455247
-0.313040
0.117048
0.433243
-0.278177
0.197793
0.327618
0.048438
0.482006
-0.459077
-0.326861
0.082346
0.462614
-0.384857
-0.079934
0.472095
-0.420770
-0.193910
0.352809
-0.021352
0.492972
-0.502377
-0.491273
-0.447678
-0.286070
0.180364
0.354831
-0.027174
0.492126
-0.499002
-0.477918
-0.396556
-0.115930
0.445650
-0.322400
0.093712
0.454055
-0.353058
0.012376
0.492538
-0.500645
-0.484405
-0.421212
-0.195377
0.350595
-0.015016
0.493585
-0.504825
-0.501015
-0.485872
-0.426833
-0.214171
0.320724
0.066654
0.472731
-0.423205
-0.202014
0.340370
0.013745
0.492328
-0.499808
-0.481096
-0.408594
-0.154111
0.406271
-0.186288
0.364029
-0.054070
0.484697
-0.469614
-0.365489
-0.022747
0.492794
-0.501667
-0.488455
-0.436771
-0.248018
0.259800
0.211097
0.305209
0.106257
0.443409
-0.314321
0.113895
0.436310
-0.288995
0.173779
0.364481
-0.055411
0.484175
-0.467567
-0.357914
-0.001198
0.493807
-0.505713
-0.504562
-0.499966
-0.481721
-0.410968
-0.161779
0.396956
-0.155905
0.404134
-0.179255
0.373968
-0.083895
0.469693
-0.411602
-0.163833
0.394381
-0.147629
0.413778
-0.211277
0.325507
0.054057
0.479429
-0.449040
-0.290888
0.169479
0.370595
-0.073685
0.475630
-0.434343
-0.239675
0.275668
0.176335
0.360776
-0.044483
0.488009
-0.482661
-0.414549
-0.173428
0.381905
-0.108280
0.452137
-0.346014
0.031730
0.488179
-0.483334
-0.417117
-0.181846
0.370353
-0.072956
0.476023
-0.435856
-0.244867
0.265860
0.198060
0.327182
0.049603
0.481493
-0.457073
-0.319614
0.100731
0.448253
-0.331836
0.069480
0.471055
-0.416795
-0.180787
0.371837
-0.077434
0.473547
-0.426331
-0.212483
0.323523
0.059304
0.476793
-0.438830
-0.255129
0.245835
0.240022
0.251604
0.228264
0.274202
0.179631
0.355922
-0.030330
0.491554
-0.496724
-0.468954
-0.363044
-0.015742
0.493531
-0.504610
-0.500156
-0.482472
-0.413827
-0.171071
0.385037
-0.118042
0.443776
-0.315643
0.110628
0.439403
-0.299981
0.148432
0.398385
-0.160523
0.398514
-0.160938
0.398000
-0.159276
0.400048
-0.165915
0.391736
-0.139183
0.423055
-0.242785
0.269819
0.189384
0.341050
0.011857
0.492613
-0.500947
-0.485600
-0.425789
-0.210662
0.326515
0.051378
0.480689
-0.453940
-0.308351
0.128473
0.421466
-0.237337
0.280015
0.166462
0.374796
-0.086416
0.468098
-0.405544
-0.144328
0.417471
-0.223739
0.304430
0.108193
0.441654
-0.308022
0.129270
0.420606
-0.234399
0.285416
0.153982
0.391401
-0.138117
0.424186
-0.246671
0.262399
0.205541
0.314740
0.082157
0.462747
-0.385359
-0.081456
0.471187
-0.417299
-0.182445
0.369509
-0.070417
0.477355
-0.441001
-0.262663
0.230598
0.269804
0.189417
0.341000
0.011997
0.492593
-0.500866
-0.485280
-0.424561
-0.206545
0.333185
0.033453
0.487646
-0.481226
-0.409088
-0.155703
0.404375
-0.180048
0.372867
-0.080554
0.471727
-0.419363
-0.189250
0.359722
-0.041394
0.488919
-0.486263
-0.428335
-0.219236
0.312190
0.088676
0.457975
-0.367550
-0.028688
0.491861
-0.497949
-0.473768
-0.380960
-0.068186
0.478482
-0.445368
-0.277932
0.198327
0.326745
0.050767
0.480969
-0.455030
-0.312260
0.118961
0.431345
-0.271519
0.212108
0.303449
0.110628
0.439404
-0.299982
0.148430
0.398388
-0.160530
0.398505
-0.160909
0.398036
-0.159392
0.399906
-0.165452
0.392327
-0.141066
0.421036
-0.235870
0.282721
0.160239
0.383232
-0.112406
0.448696
-0.333446
0.065274
0.473527
-0.426256
-0.212230
0.323939
0.058206
0.477363
-0.441032
-0.262771
0.230377
0.270222
0.188492
0.342442
0.007984
0.493110
-0.502927
-0.493458
-0.456179
-0.316391
0.108774
0.441121
-0.306116
0.133859
0.415552
-0.217249
0.315563
0.080042
0.464223
-0.390901
-0.098392
0.459829
-0.374448
-0.048825
0.486600
-0.477100
-0.393471
-0.106330
0.453716
-0.351810
0.015833
0.491979
-0.498417
-0.475613
-0.387879
-0.089126
0.466328
-0.398840
-0.123084
0.439159
-0.299109
0.150479
0.395838
-0.152306
0.408394
-0.193310
0.353708
-0.023936
0.492630
-0.501012
-0.485861
-0.426791
-0.214030
0.320959
0.066039
0.473088
-0.424573
-0.206584
0.333123
0.033621
0.487592
-0.481016
-0.408287
-0.153123
0.407436
-0.190137
0.358420
-0.037590
0.489936
-0.490292
-0.443874
-0.272691
0.209614
0.307777
0.099834
0.449017
-0.334613
0.062213
0.475237
-0.432830
-0.234499
0.285234
0.154408
0.390855
-0.136382
0.426006
-0.252951
0.250157
0.231238
0.268589
0.192091
0.336788
0.023622
0.490370
-0.492015
-0.450563
-0.296295
0.157044
0.387442
-0.125591
0.436788
-0.290687
0.169937
0.369951
-0.071745
0.476664
-0.438332
-0.253403
0.249262
0.233069
0.265101
0.199709
0.324478
0.056783
0.478087
-0.443836
-0.272556
0.209901
0.307281
0.101079
0.447955
-0.330752
0.072299
0.469319
-0.410179
-0.159227
0.400108
-0.166109
0.391488
-0.138395
0.423892
-0.245662
0.264337
0.201363
0.321743
0.063984
0.474257
-0.429058
-0.221681
0.307998
0.099279
0.449486
-0.336323
0.057706
0.477619
-0.442023
-0.266223
0.223241
0.283519
0.158393
0.385674
-0.120037
0.441973
-0.309167
0.126497
0.423577
-0.244579
0.266409
0.196863
0.329131
0.044391
0.483706
-0.465729
-0.351141
0.017683
0.491641
-0.497069
-0.470312
-0.368078
-0.030216
0.491576
-0.496811
-0.469298
-0.364318
-0.019386
0.493196
-0.503274
-0.494836
-0.461560
-0.335883
0.058868
0.477021
-0.439709
-0.258175
0.239730
0.252178
0.227077
0.276421
0.174635
0.363246
-0.051754
0.485565
-0.473023
-0.378175
-0.059866
0.482338
-0.460376
-0.331572
0.070168
0.470637
-0.415200
-0.175559
0.379034
-0.099402
0.459080
-0.371656
-0.040629
0.489133
-0.487110
-0.431589
-0.230272
0.292886
0.136337
0.412752
-0.207836
0.331108
0.039073
0.485741
-0.473719
-0.380776
-0.067634
0.478756
-0.446427
-0.281657
0.190169
0.339821
0.015266
0.492077
-0.498809
-0.477155
-0.393677
-0.106971
0.453201
-0.349917
0.021054
0.490954
-0.494337
-0.459608
-0.328785
0.077394
0.466019
-0.397674
-0.119425
0.442530
-0.311163
0.121642
0.428633
-0.262059
0.231838
0.267451
0.194589
0.332803
0.034489
0.487314
-0.479915
-0.404111
-0.139755
0.422445
-0.240690
0.273767
0.180606
0.354470
-0.026133
0.492297
-0.499685
-0.480612
-0.406755
-0.148204
0.413125
-0.209086
0.329084
0.044516
0.483656
-0.465530
-0.350412
0.019691
0.491242
-0.495485
-0.464097
-0.345152
0.034070
0.487449
-0.480449
-0.406136
-0.146221
0.415364
-0.216617
0.316629
0.077293
0.466087
-0.397928
-0.120224
0.441803
-0.308558
0.127973
0.422003
-0.239177
0.276597
0.174237
0.363820
-0.053454
0.484932
-0.470537
-0.368912
-0.032636
0.491085
-0.494860
-0.461654
-0.336224
0.057969
0.477485
-0.441504
-0.264414
0.226993
0.276578
0.174280
0.363758
-0.053270
0.485002
-0.470810
-0.369930
-0.035593
0.490423
-0.492226
-0.451380
-0.299205
0.150253
0.396120
-0.153214
0.407330
-0.189786
0.358937
-0.039097
0.489547
-0.488750
-0.437912
-0.251952
0.252124
0.227190
0.276211
0.175110
0.362558
-0.049726
0.486289
-0.475874
-0.388859
-0.092124
0.464300
-0.391193
-0.099293
0.459161
-0.371958
-0.041513
0.488885
-0.486129
-0.427820
-0.217496
0.315144
0.081117
0.463477
-0.388098
-0.089794
0.465882
-0.397155
-0.117802
0.443991
-0.316416
0.108711
0.441179
-0.306322
0.133364
0.416105
-0.219116
0.312394
0.088155
0.458368
-0.369011
-0.032922
0.491024
-0.494617
-0.460704
-0.332765
0.067057
0.472497
-0.422306
-0.199015
0.345034
0.000730
0.493716
-0.505352
-0.503117
-0.494210
-0.459113
-0.326989
0.082016
0.462847
-0.385733
-0.082589
0.470499
-0.414673
-0.173833
0.381362
-0.106596
0.453502
-0.351025
0.018002
0.491580
-0.496826
-0.469358
-0.364537
-0.020014
0.493128
-0.503001
-0.493750
-0.457316
-0.320491
0.098529
0.450116
-0.338620
0.051617
0.480579
-0.453513
-0.306821
0.132164
0.417438
-0.223625
0.304629
0.107699
0.442104
-0.309636
0.125361
0.424778
-0.248711
0.258457
0.213947
0.300225
0.118568
0.431737
-0.272893
0.209184
0.308518
0.097970
0.450582
-0.340323
0.047076
0.482593
-0.461371
-0.335194
0.060685
0.476063
-0.436011
-0.245402
0.264836
0.200283
0.323531
0.059284
0.476804
-0.438871
-0.255268
0.245558
0.240580
0.250503
0.230527
0.269939
0.189119
0.341464
0.010706
0.492773
-0.501585
-0.488128
-0.435512
-0.243684
0.268114
0.193136
0.335127
0.028167
0.489207
-0.487401
-0.432712
-0.234096
0.285969
0.152691
0.393048
-0.143364
0.418534
-0.227344
0.298103
0.123751
0.426460
-0.254520
0.247047
0.237574
0.256399
0.218286
0.292512
0.137234
0.411728
-0.204408
0.336593
0.024155
0.490242
-0.491508
-0.448591
-0.289301
0.173086
0.365476
-0.058365
0.482975
