0.460000
0.435770
0.424678
0.424737
0.434479
0.452849
0.479131
0.512883
0.553894
0.602148
0.657798
0.721146
0.792633
0.872826
0.962418
1.062225
1.173187
1.296375
1.432991
1.584380
1.752037
1.937616
2.142939
2.370009
2.621013
2.898336
3.204559
3.542462
3.915015
4.325356
4.776761
5.272589
5.816197
6.410825
7.059422
7.764419
8.527416
9.348774
10.227090
11.158550
12.136142
13.148758
14.180224
15.208359
16.204215
17.131748
17.948216
18.605657
19.053747
19.244133
19.136007
18.702197
17.934552
16.847213
15.476587
13.877633
12.117156
10.265696
8.389899
6.546858
4.781073
3.123864
1.594553
0.202604
-1.049951
-2.166255
-3.152740
-4.017693
-4.770229
-5.419600
-5.974782
-6.444234
-6.835806
-7.156715
-7.413590
-7.612531
-7.759184
-7.858818
-7.916382
-7.936568
-7.923843
-7.882478
-7.816564
-7.730008
-7.626535
-7.509678
-7.382757
-7.248875
-7.110901
-6.971461
-6.832932
-6.697442
-6.566870
-6.442857
-6.326812
-6.219928
-6.123200
-6.037438
-5.963287
-5.901249
-5.851698
-5.814899
-5.791024
-5.780167
-5.782356
-5.797569
-5.825737
-5.866754
-5.920484
-5.986762
-6.065396
-6.156164
-6.258817
-6.373066
-6.498585
-6.634995
-6.781859
-6.938670
-7.104838
-7.279677
-7.462391
-7.652061
-7.847628
-8.047881
-8.251447
-8.456776
-8.662142
-8.865636
-9.065174
-9.258506
-9.443236
-9.616852
-9.776764
-9.920353
-10.045030
-10.148302
-10.227850
-10.281605
-10.307827
-10.305180
-10.272803
-10.210357
-10.118067
-9.996739
-9.847749
-9.673013
-9.474942
-9.256360
-9.020425
-8.770529
-8.510198
-8.242990
-7.972403
-7.701791
-7.434298
-7.172800
-6.919869
-6.677751
-6.448358
-6.233272
-6.033759
-5.850793
-5.685082
-5.537100
-5.407118
-5.295240
-5.201432
-5.125553
-5.067382
-5.026640
-5.003017
-4.996180
-5.005795
-5.031537
-5.073092
-5.130172
-5.202508
-5.289857
-5.391993
-5.508709
-5.639804
-5.785076
-5.944310
-6.117265
-6.303652
-6.503124
-6.715246
-6.939477
-7.175143
-7.421406
-7.677239
-7.941392
-8.212368
-8.488385
-8.767360
-9.046882
-9.324202
-9.596232
-9.859552
-10.110441
-10.344924
-10.558840
-10.747936
-10.907981
-11.034906
-11.124952
-11.174838
-11.181917
-11.144336
-11.061155
-10.932448
-10.759347
-10.544040
-10.289714
-10.000446
-9.681047
-9.336878
-8.973644
-8.597181
-8.213262
-7.827411
-7.444763
-7.069947
-6.707012
-6.359390
-6.029885
-5.720691
-5.433435
-5.169227
-4.928722
-4.712189
-4.519579
-4.350587
-4.204713
-4.081321
-3.979682
-3.899020
-3.838545
-3.797481
-3.775092
-3.770699
-3.783691
-3.813537
-3.859791
-3.922095
-4.000178
-4.093857
-4.203029
-4.327669
-4.467819
-4.623582
-4.795105
-4.982573
-5.186185
-5.406138
-5.642608
-5.895718
-6.165513
-6.451920
-6.754712
-7.073461
-7.407486
-7.755797
-8.117030
-8.489389
-8.870571
-9.257706
-9.647297
-10.035171
-10.416451
-10.785559
-11.136244
-11.461670
-11.754547
-12.007332
-12.212484
-12.362779
-12.451669
-12.473664
-12.424706
-12.302500
-12.106770
-11.839392
-11.504408
-11.107875
-10.657593
-10.162710
-9.633264
-9.079679
-8.512297
-7.940951
-7.374622
-6.821198
-6.287326
-5.778353
-5.298354
-4.850201
-4.435689
-4.055677
-3.710236
-3.398807
-3.120336
-2.873411
-2.656369
-2.467398
-2.304612
-2.166123
-2.050085
-1.954736
-1.878426
-1.819637
-1.776994
-1.749274
-1.735407
-1.734475
-1.745712
-1.768494
-1.802339
-1.846897
-1.901946
-1.967384
-2.043224
-2.129592
-2.226714
-2.334922
-2.454642
-2.586395
-2.730793
-2.888534
-3.060402
-3.247259
-3.450043
-3.669761
-3.907479
-4.164313
-4.441409
-4.739929
-5.061018
-5.405776
-5.775208
-6.170171
-6.591305
-7.038944
-7.513014
-8.012907
-8.537336
-9.084164
-9.650221
-10.231104
-10.820976
-11.412378
-11.996077
-12.560987
-13.094188
-13.581097
-14.005828
-14.351768
-14.602394
-14.742293
-14.758336
-14.640882
-14.384877
-13.990659
-13.464328
-12.817585
-12.067009
-11.232876
-10.337671
-9.404502
-8.455639
-7.511314
-6.588896
-5.702437
-4.862563
-4.076630
-3.349056
-2.681757
-2.074614
-1.525922
-1.032809
-0.591590
-0.198064
0.152250
0.463924
0.741490
0.989334
1.211634
1.412314
1.595023
1.763128
1.919715
2.067601
2.209354
2.347310
2.483596
2.620152
2.758759
2.901053
3.048554
3.202678
3.364758
3.536057
3.717777
3.911075
4.117058
4.336795
4.571310
4.821576
5.088504
5.372926
5.675572
5.997039
6.337749
6.697905
7.077430
7.475897
7.892452
8.325718
8.773701
9.233680
9.702101
10.174476
10.645290
11.107949
11.554757
11.976963
12.364888
12.708141
12.995952
13.217613
13.363025
13.423307
13.391448
13.262907
13.036115
12.712793
12.298036
11.800127
11.230102
10.601102
9.927579
9.224469
8.506396
7.786997
7.078408
6.390931
5.732872
5.110536
4.528333
3.988966
3.493663
3.042428
2.634290
2.267533
1.939906
1.648794
1.391371
1.164714
0.965903
0.792084
0.640525
0.508651
0.394062
0.294551
0.208100
0.132883
0.067259
0.009756
-0.040933
-0.085972
-0.126388
-0.163092
-0.196888
-0.228488
-0.258524
-0.287560
-0.316102
-0.344609
-0.373502
-0.403170
-0.433981
-0.466287
-0.500428
-0.536743
-0.575573
-0.617263
-0.662172
-0.710675
-0.763168
-0.820072
-0.881839
-0.948954
-1.021943
-1.101376
-1.187870
-1.282101
-1.384801
-1.496768
-1.618875
-1.752067
-1.897378
-2.055928
-2.228935
-2.417717
-2.623699
-2.848412
-3.093501
-3.360720
-3.651925
-3.969071
-4.314187
-4.689356
-5.096673
-5.538193
-6.015857
-6.531390
-7.086175
-7.681082
-8.316254
-8.990843
-9.702693
-10.447954
-11.220666
-12.012285
-12.811226
-13.602448
-14.367167
-15.082803
-15.723285
-16.259841
-16.662382
-16.901505
-16.951048
-16.790941
-16.409958
-15.807844
-14.996325
-13.998646
-12.847607
-11.582417
-10.244946
-8.876062
-7.512632
-6.185529
-4.918690
-3.729088
-2.627340
-1.618684
-0.704083
0.118707
0.854183
1.508314
2.087921
2.600211
3.052442
3.451683
3.804663
4.117671
4.396507
4.646457
4.872295
5.078297
5.268260
5.445538
5.613067
5.773397
5.928727
6.080928
6.231575
6.381968
6.533155
6.685949
6.840942
6.998520
7.158873
7.322001
7.487723
7.655678
7.825333
7.995984
8.166762
8.336636
8.504422
8.668792
8.828287
8.981333
9.126263
9.261343
9.384803
9.494876
9.589835
9.668040
9.727987
9.768354
9.788047
9.786247
9.762448
9.716486
9.648559
9.559237
9.449458
9.320513
9.174013
9.011855
8.836168
8.649262
8.453566
8.251568
8.045760
7.838582
7.632375
7.429342
7.231516
7.040738
6.858644
6.686657
6.525989
6.377649
6.242453
6.121037
6.013879
5.921313
5.843551
5.780699
5.732777
5.699735
5.681466
5.677819
5.688614
5.713643
5.752683
5.805497
5.871834
5.951434
6.044024
6.149311
6.266978
6.396679
6.538025
6.690574
6.853822
7.027181
7.209970
7.401399
7.600546
7.806345
8.017568
8.232811
8.450480
8.668782
8.885720
9.099095
9.306518
9.505422
9.693097
9.866727
10.023441
10.160381
10.274771
10.364004
10.425733
10.457956
10.459109
10.428146
10.364599
10.268629
10.141046
9.983303
9.797468
9.586162
9.352480
9.099890
8.832125
8.553062
8.266611
7.976607
7.686714
7.400349
7.120623
6.850298
6.591766
6.347040
6.117766
5.905237
5.710424
5.534007
5.376412
5.237850
5.118351
5.017806
4.935993
4.872615
4.827320
4.799725
4.789440
4.796078
4.819268
4.858668
4.913964
4.984878
5.071166
5.172618
5.289047
5.420292
5.566198
5.726613
5.901366
6.090260
6.293041
6.509388
6.738877
6.980965
7.234950
7.499945
7.774843
8.058280
8.348603
8.643834
8.941643
9.239323
9.533780
9.821526
10.098703
10.361112
10.604278
10.823535
11.014144
11.171432
11.290961
11.368712
11.401275
11.386038
11.321352
11.206671
11.042635
10.831101
10.575106
10.278766
9.947123
9.585935
9.201445
8.800133
8.388477
7.972734
7.558753
7.151837
6.756640
6.377113
6.016487
5.677293
5.361396
5.070066
4.804041
4.563609
4.348688
4.158897
3.993631
3.852123
3.733502
3.636838
3.561187
3.505620
3.469252
3.451264
3.450915
3.467554
3.500629
3.549688
3.614383
3.694468
3.789793
3.900305
4.026037
4.167104
4.323691
4.496042
4.684451
4.889242
5.110753
5.349318
5.605237
5.878752
6.170008
6.479017
6.805612
7.149389
7.509653
7.885346
8.274976
8.676540
9.087441
9.504410
9.923437
10.339713
10.747598
11.140623
11.511542
11.852435
12.154895
12.410273
12.610016
12.746062
12.811291
12.799986
12.708276
12.534508
12.279498
11.946627
11.541762
11.072989
10.550200
9.984552
9.387875
8.772079
8.148614
7.528025
6.919620
6.331270
5.769320
5.238602
4.742518
4.283186
3.861604
3.477840
3.131207
2.820442
2.543854
2.299464
2.085116
1.898572
1.737587
1.599968
1.483613
1.386550
1.306950
1.243144
1.193630
1.157070
1.132292
1.118280
1.114172
1.119249
1.132928
1.154751
1.184380
1.221588
1.266251
1.318345
1.377937
1.445182
1.520322
1.603679
1.695657
1.796739
1.907488
2.028546
2.160635
2.304558
2.461202
2.631534
2.816606
3.017555
3.235597
3.472026
3.728209
4.005574
4.305596
4.629777
4.979618
5.356579
5.762027
6.197171
6.662976
7.160056
7.688537
8.247898
8.836774
9.452730
10.092004
10.749231
11.417155
12.086364
12.745070
13.378993
13.971403
14.503390
14.954420
15.303230
15.529077
15.613274
15.540903
15.302495
14.895411
14.324676
13.603037
12.750189
11.791232
10.754608
9.669833
8.565383
7.466969
6.396381
5.370905
4.403235
3.501776
2.671170
1.912938
1.226148
0.608022
0.054486
-0.439382
-0.878995
-1.269976
-1.617950
-1.928396
-2.206546
-2.457321
-2.685292
-2.894663
-3.089279
-3.272625
-3.447853
-3.617801
-3.785016
-3.951785
-4.120150
-4.291942
-4.468794
-4.652162
-4.843341
-5.043471
-5.253550
-5.474431
-5.706824
-5.951285
-6.208210
-6.477811
-6.760097
-7.054846
-7.361571
-7.679485
-8.007453
-8.343957
-8.687041
-9.034278
-9.382722
-9.728889
-10.068737
-10.397676
-10.710600
-11.001957
-11.265854
-11.496204
-11.686918
-11.832137
-11.926495
-11.965394
-11.945288
-11.863930
-11.720577
-11.516124
-11.253138
-10.935799
-10.569745
-10.161816
-9.719744
-9.251802
-8.766439
-8.271942
-7.776140
-7.286171
-6.808307
-6.347864
-5.909159
-5.495530
-5.109390
-4.752316
-4.425153
-4.128124
-3.860945
-3.622933
-3.413107
-3.230272
-3.073102
-2.940202
-2.830162
-2.741600
-2.673196
-2.623720
-2.592046
-2.577169
-2.578210
-2.594423
-2.625195
-2.670044
-2.728620
-2.800696
-2.886170
-2.985053
-3.097469
-3.223644
-3.363904
-3.518665
-3.688426
-3.873760
-4.075304
-4.293744
-4.529807
-4.784234
-5.057765
-5.351108
-5.664909
-5.999707
-6.355890
-6.733629
-7.132817
-7.552978
-7.993175
-8.451906
-8.926977
-9.415386
-9.913185
-10.415360
-10.915727
-11.406854
-11.880045
-12.325390
-12.731916
-13.087862
-13.381078
-13.599566
-13.732146
-13.769191
-13.703393
-13.530463
-13.249673
-12.864166
-12.380950
-11.810579
-11.166529
-10.464345
-9.720667
-8.952253
-8.175085
-7.403666
-6.650521
-5.925924
-5.237818
-4.591898
-3.991806
-3.439393
-2.935014
-2.477820
-2.066041
-1.697234
-1.368500
-1.076657
-0.818393
-0.590369
-0.389314
-0.212080
-0.055684
0.082662
0.205537
0.315312
0.414149
0.504010
0.586670
0.663732
0.736643
0.806713
0.875127
0.942968
1.011231
1.080837
1.152649
1.227488
1.306141
1.389379
1.477962
1.572656
1.674237
1.783503
1.901281
2.028438
2.165884
2.314580
2.475544
2.649857
2.838665
3.043182
3.264692
3.504544
3.764149
4.044973
4.348517
4.676304
5.029845
5.410600
5.819926
6.259010
6.728778
7.229788
7.762090
8.325061
8.917205
9.535925
10.177263
10.835620
11.503477
12.171127
12.826472
13.454926
14.039481
14.561013
14.998883
15.331874
15.539479
15.603466
15.509592
15.249253
14.820803
14.230287
13.491397
12.624585
11.655446
10.612613
9.525507
8.422255
7.328054
6.264086
5.247002
4.288901
3.397661
2.577483
1.829544
1.152649
0.543840
-0.001075
-0.487088
-0.919638
-1.304347
-1.646816
-1.952488
-2.226551
-2.473872
-2.698971
-2.906001
-3.098753
-3.280668
-3.454852
-3.624103
-3.790933
-3.957593
-4.126100
-4.298259
-4.475680
-4.659802
-4.851901
-5.053105
-5.264397
-5.486620
-5.720470
-5.966494
-6.225073
-6.496407
-6.780489
-7.077078
-7.385667
-7.705440
-8.035235
-8.373493
-8.718220
-9.066938
-9.416647
-9.763802
-10.104297
-10.433472
-10.746154
-11.036723
-11.299226
-11.527528
-11.715506
-11.857291
-11.947528
-11.981665
-11.956227
-11.869071
-11.719586
-11.508817
-11.239496
-10.915970
-10.544038
-10.130683
-9.683758
-9.211625
-8.722790
-8.225562
-7.727765
-7.236500
-6.757989
-6.297478
-5.859204
-5.446425
-5.061472
-4.705844
-4.380314
-4.085040
-3.819684
-3.583514
-3.375510
-3.194447
-3.038973
-2.907675
-2.799130
-2.711949
-2.644808
-2.596473
-2.565822
-2.551850
-2.553684
-2.570583
-2.601939
-2.647278
-2.706256
-2.778652
-2.864371
-2.963433
-3.075966
-3.202205
-3.342483
-3.497223
-3.666931
-3.852189
-4.053642
-4.271986
-4.507957
-4.762308
-5.035793
-5.329135
-5.642993
-5.977928
-6.334346
-6.712443
-7.112137
-7.532979
-7.974065
-8.433921
-8.910389
-9.400498
-9.900330
-10.404897
-10.908032
-11.402311
-11.879029
-12.328246
-12.738941
-13.099270
-13.396979
-13.619934
-13.756795
-13.797759
-13.735339
-13.565074
-13.286091
-12.901423
-12.418024
-11.846447
-11.200225
-10.495008
-9.747583
-8.974872
-8.193032
-7.416736
-6.658659
-5.929202
-5.236408
-4.586046
-3.981805
-3.425561
-2.917675
-2.457292
-2.042624
-1.671203
-1.340098
-1.046097
-0.785851
-0.555991
-0.353211
-0.174330
-0.016338
0.123583
0.248038
0.359423
0.459923
0.551522
0.636017
0.715030
0.790029
0.862341
0.933173
1.003626
1.074715
1.147380
1.222507
1.300936
1.383481
1.470933
1.564082
1.663717
1.770645
1.885693
2.009721
2.143627
2.288355
2.444903
2.614323
2.797731
2.996309
3.211301
3.444020
3.695838
3.968179
4.262511
4.580323
4.923102
5.292297
5.689271
6.115239
6.571187
7.057774
7.575204
8.123075
8.700192
9.304356
9.932118
10.578517
11.236802
11.898169
12.551539
13.183428
13.777951
14.317039
14.780916
15.148903
15.400545
15.517049
15.482914
15.287572
14.926816
14.403738
13.728979
12.920176
12.000639
10.997468
9.939380
8.854606
7.769109
6.705306
5.681351
4.710928
3.803441
2.964468
2.196359
1.498878
0.869816
0.305538
-0.198550
-0.647626
-1.047155
-1.402667
-1.719595
-2.003160
-2.258297
-2.489611
-2.701357
-2.897431
-3.081381
-3.256422
-3.425455
-3.591093
-3.755685
-3.921339
-4.089950
-4.263217
-4.442665
-4.629661
-4.825425
-5.031039
-5.247453
-5.475481
-5.715802
-5.968944
-6.235274
-6.514975
-6.808017
-7.114133
-7.432771
-7.763059
-8.103758
-8.453208
-8.809282
-9.169337
-9.530173
-9.888003
-10.238440
-10.576505
-10.896675
-11.192955
-11.459008
-11.688323
-11.874434
-12.011184
-12.093017
-12.115284
-12.074550
-11.968854
-11.797913
-11.563240
-11.268152
-10.917666
-10.518289
-10.077717
-9.604467
-9.107486
-8.595755
-8.077938
-7.562078
-7.055378
-6.564044
-6.093218
-5.646964
-5.228307
-4.839320
-4.481230
-4.154531
-3.859116
-3.594396
-3.359412
-3.152936
-2.973563
-2.819788
-2.690062
-2.582853
-2.496678
-2.430138
-2.381938
-2.350906
-2.335999
-2.336313
-2.351083
-2.379684
-2.421625
-2.476551
-2.544235
-2.624576
-2.717588
-2.823401
-2.942251
-3.074476
-3.220509
-3.380874
-3.556176
-3.747094
-3.954370
-4.178804
-4.421230
-4.682507
-4.963493
-5.265018
-5.587854
-5.932667
-6.299973
-6.690069
-7.102966
-7.538292
-7.995196
-8.472227
-8.967204
-9.477071
-9.997755
-10.524021
-11.049345
-11.565823
-12.064135
-12.533593
-12.962295
-13.337423
-13.645685
-13.873922
-14.009860
-14.042952
-13.965247
-13.772192
-13.463240
-13.042184
-12.517125
-11.900067
-11.206166
-10.452732
-9.658098
-8.840517
-8.017183
-7.203477
-6.412462
-5.654639
-4.937917
-4.267753
-3.647409
-3.078264
-2.560154
-2.091704
-1.670630
-1.294007
-0.958488
-0.660495
-0.396358
-0.162428
0.044841
0.228836
0.392748
0.539548
0.671981
0.792565
0.903598
1.007171
1.105183
1.199361
1.291274
1.382359
1.473934
1.567221
1.663363
1.763439
1.868480
1.979487
2.097441
2.223315
2.358088
2.502752
2.658321
2.825841
3.006391
3.201089
3.411094
3.637606
3.881860
4.145119
4.428665
4.733775
5.061702
5.413639
5.790673
6.193734
6.623517
7.080394
7.564309
8.074645
8.610067
9.168352
9.746188
10.338967
10.940571
11.543179
12.137107
12.710728
13.250505
13.741182
14.166179
14.508228
14.750251
14.876459
14.873604
14.732247
14.447879
14.021726
13.461058
12.778923
11.993300
11.125775
10.199937
9.239713
8.267865
7.304807
6.367813
5.470634
4.623451
3.833101
3.103457
2.435908
1.829843
1.283126
0.792514
0.354012
-0.036836
-0.384708
-0.694336
-0.970370
-1.217286
-1.439324
-1.640455
-1.824358
-1.994418
-2.153733
-2.305126
-2.451166
-2.594188
-2.736317
-2.879491
-3.025483
-3.175925
-3.332326
-3.496093
-3.668541
-3.850912
-4.044379
-4.250058
-4.469004
-4.702215
-4.950624
-5.215089
-5.496372
-5.795122
-6.111843
-6.446850
-6.800232
-7.171787
-7.560961
-7.966772
-8.387723
-8.821715
-9.265946
-9.716821
-10.169863
-10.619643
-11.059736
-11.482728
-11.880273
-12.243227
-12.561876
-12.826251
-13.026548
-13.153630
-13.199584
-13.158289
-13.025951
-12.801518
-12.486942
-12.087226
-11.610234
-11.066289
-10.467583
-9.827472
-9.159741
-8.477893
-7.794550
-7.120991
-6.466843
-5.839934
-5.246274
-4.690137
-4.174226
-3.699875
-3.267270
-2.875675
-2.523641
-2.209197
-1.930014
-1.683543
-1.467131
-1.278105
-1.113850
-0.971850
-0.849731
-0.745281
-0.656464
-0.581426
-0.518496
-0.466177
-0.423143
-0.388227
-0.360408
-0.338804
-0.322653
-0.311308
-0.304223
-0.300943
-0.301093
-0.304372
-0.310543
-0.319429
-0.330903
-0.344886
-0.361343
-0.380276
-0.401726
-0.425767
-0.452508
-0.482089
-0.514681
-0.550488
-0.589745
-0.632723
-0.679725
-0.731093
-0.787207
-0.848488
-0.915404
-0.988469
-1.068252
-1.155377
-1.250528
-1.354460
-1.467995
-1.592037
-1.727572
-1.875676
-2.037524
-2.214390
-2.407661
-2.618833
-2.849523
-3.101465
-3.376512
-3.676626
-4.003875
-4.360407
-4.748426
-5.170149
-5.627745
-6.123256
-6.658484
-7.234849
-7.853202
-8.513585
-9.214938
-9.954742
-10.728601
-11.529765
-12.348626
-13.172215
-13.983766
-14.762451
-15.483386
-16.118073
-16.635411
-17.003375
-17.191381
-17.173206
-16.930127
-16.453779
-15.748148
-14.830161
-13.728589
-12.481369
-11.131813
-9.724462
-8.301305
-6.898941
-5.546913
-4.267171
-3.074415
-1.976997
-0.978089
-0.076890
0.730267
1.448971
2.085988
2.648685
3.144615
3.581217
3.965628
4.304552
4.604192
4.870220
5.107766
5.321433
5.515317
5.693040
5.857775
6.012290
6.158970
6.299859
6.436685
6.570887
6.703640
6.835880
6.968319
7.101465
7.235636
7.370970
7.507440
7.644860
7.782896
7.921071
8.058777
8.195281
8.329733
8.461179
8.588573
8.710789
8.826640
8.934897
9.034311
9.123637
9.201661
9.267231
9.319283
9.356875
9.379213
9.385682
9.375869
9.349582
9.306865
9.248008
9.173546
9.084256
8.981141
8.865409
8.738453
8.601812
8.457146
8.306192
8.150730
7.992550
7.833415
7.675033
7.519031
7.366932
7.220140
7.079931
6.947443
6.823672
6.709480
6.605591
6.512606
6.431004
6.361158
6.303342
6.257743
6.224471
6.203570
6.195025
6.198770
6.214698
6.242662
6.282480
6.333940
6.396797
6.470775
6.555564
6.650815
6.756139
6.871098
6.995200
7.127890
7.268540
7.416443
7.570802
7.730720
7.895192
8.063098
8.233198
8.404125
8.574386
8.742367
8.906337
9.064462
9.214824
9.355444
9.484316
9.599438
9.698862
9.780740
9.843371
9.885260
9.905168
9.902160
9.875647
9.825423
9.751688
9.655052
9.536536
9.397551
9.239863
9.065550
8.876943
8.676564
8.467059
8.251132
8.031477
7.810721
7.591371
7.375773
7.166075
6.964209
6.771876
6.590541
6.421435
6.265570
6.123747
5.996577
5.884501
5.787813
5.706678
5.641155
5.591220
5.556775
5.537675
5.533734
5.544738
5.570458
5.610651
5.665070
5.733460
5.815564
5.911116
6.019838
6.141437
6.275591
6.421942
6.580084
6.749547
6.929783
7.120151
7.319892
7.528118
7.743788
7.965689
8.192417
8.422366
8.653706
8.884383
9.112115
9.334393
9.548503
9.751551
9.940502
10.112235
10.263608
10.391544
10.493116
10.565654
10.606843
10.614833
10.588323
10.526649
10.429839
10.298644
10.134539
9.939693
9.716905
9.469517
9.201301
8.916331
8.618852
8.313149
8.003423
7.693680
7.387651
7.088715
6.799859
6.523652
6.262240
6.017354
5.790336
5.582171
5.393522
5.224777
5.076092
4.947428
4.838598
4.749303
4.679161
4.627742
4.594592
4.579250
4.581270
4.600232
4.635751
4.687485
4.755136
4.838453
4.937232
5.051305
5.180540
5.324830
5.484080
5.658195
5.847066
6.050546
6.268431
6.500438
6.746173
7.005099
7.276509
7.559482
7.852847
8.155143
8.464578
8.778990
9.095815
9.412059
9.724280
10.028595
10.320691
10.595877
10.849154
11.075322
11.269119
11.425393
11.539302
11.606529
11.623507
11.587636
11.497465
11.352836
11.154963
10.906439
10.611163
10.274196
9.901546
9.499916
9.076417
8.638282
8.192599
7.746073
7.304843
6.874342
6.459219
6.063302
5.689607
5.340379
5.017158
4.720859
4.451863
4.210105
3.995167
3.806358
3.642791
3.503447
3.387234
3.293036
3.219749
3.166312
3.131735
3.115114
3.115646
3.132633
3.165495
3.213765
3.277091
3.355237
3.448075
3.555583
3.677836
3.815004
3.967338
4.135164
4.318872
4.518898
4.735719
4.969822
5.221694
5.491790
5.780502
6.088127
6.414821
6.760546
7.125015
7.507623
7.907369
8.322770
8.751772
9.191652
9.638922
10.089240
10.537336
10.976966
11.400904
11.800991
12.168260
12.493134
12.765734
12.976273
13.115538
13.175437
13.149563
13.033726
12.826393
12.528975
12.145908
11.684513
11.154630
10.568061
9.937898
9.277784
8.601211
7.920901
7.248318
6.593341
5.964084
5.366855
4.806223
4.285164
3.805256
3.366899
2.969533
2.611851
2.291994
2.007716
1.756528
1.535817
1.342933
1.175269
1.030312
0.905680
0.799148
0.708666
0.632363
0.568548
0.515711
0.472508
0.437757
0.410428
0.389626
0.374584
0.364652
0.359281
0.358018
0.360493
0.366414
0.375553
0.387747
0.402888
0.420915
0.441818
0.465627
0.492414
0.522288
0.555397
0.591923
0.632088
0.676148
0.724397
0.777172
0.834846
0.897839
0.966617
1.041694
1.123640
1.213081
1.310705
1.417268
1.533597
1.660597
1.799259
1.950660
2.115976
2.296482
2.493559
2.708701
2.943513
3.199716
3.479139
3.783720
4.115485
4.476530
4.868994
5.295005
5.756623
6.255751
6.794022
7.372645
7.992216
8.652473
9.352002
10.087875
10.855240
11.646860
12.452627
13.259101
14.049127
14.801647
15.491792
16.091429
16.570256
16.897548
17.044532
16.987216
16.709347
16.205000
15.480237
14.553396
13.453773
12.218890
10.890817
9.512258
8.123084
6.757775
5.443981
4.202106
3.045693
1.982307
1.014646
0.141676
-0.640327
-1.336896
-1.954671
-2.500857
-2.982828
-3.407849
-3.782891
-4.114505
-4.408760
-4.671206
-4.906871
-5.120267
-5.315414
-5.495866
-5.664743
-5.824761
-5.978267
-6.127270
-6.273465
-6.418262
-6.562811
-6.708017
-6.854564
-7.002923
-7.153369
-7.305992
-7.460701
-7.617233
-7.775161
-7.933897
-8.092699
-8.250676
-8.406797
-8.559900
-8.708705
-8.851827
-8.987797
-9.115084
-9.232120
-9.337337
-9.429193
-9.506217
-9.567045
-9.610465
-9.635451
-9.641208
-9.627202
-9.593188
-9.539230
-9.465716
-9.373353
-9.263160
-9.136450
-8.994796
-8.839997
-8.674033
-8.499016
-8.317137
-8.130623
-7.941682
-7.752463
-7.565018
-7.381272
-7.202996
-7.031792
-6.869082
-6.716105
-6.573919
-6.443406
-6.325283
-6.220115
-6.128328
-6.050226
-5.986006
-5.935771
-5.899549
-5.877304
-5.868946
-5.874346
-5.893337
-5.925728
-5.971304
-6.029829
-6.101048
-6.184686
-6.280442
-6.387990
-6.506966
-6.636966
-6.777531
-6.928141
-7.088201
-7.257027
-7.433835
-7.617723
-7.807662
-8.002480
-8.200850
-8.401281
-8.602113
-8.801512
-8.997477
-9.187846
-9.370316
-9.542468
-9.701801
-9.845782
-9.971893
-10.077699
-10.160918
-10.219491
-10.251661
-10.256047
-10.231705
-10.178186
-10.095576
-9.984512
-9.846184
-9.682313
-9.495105
-9.287187
-9.061527
-8.821350
-8.570035
-8.311021
-8.047719
-7.783426
-7.521255
-7.264081
-7.014499
-6.774795
-6.546939
-6.332579
-6.133058
-5.949429
-5.782477
-5.632755
-5.500606
-5.386203
-5.289572
-5.210626
-5.149189
-5.105023
-5.077846
-5.067352
-5.073223
-5.095146
-5.132814
-5.185939
-5.254250
-5.337497
-5.435446
-5.547877
-5.674575
-5.815325
-5.969896
-6.138031
-6.319431
-6.513734
-6.720499
-6.939179
-7.169101
-7.409434
-7.659167
-7.917076
-8.181698
-8.451301
-8.723865
-8.997058
-9.268226
-9.534390
-9.792258
-10.038250
-10.268542
-10.479132
-10.665927
-10.824849
-10.951969
-11.043644
-11.096673
-11.108454
-11.077124
-11.001686
-10.882099
-10.719329
-10.515353
-10.273111
-9.996407
-9.689775
-9.358297
-9.007421
-8.642755
-8.269879
-7.894170
-7.520658
-7.153910
-6.797958
-6.456245
-6.131621
-5.826347
-5.542131
-5.280176
-5.041238
-4.825683
-4.633559
-4.464652
-4.318550
-4.194691
-4.092417
-4.011009
-3.949728
-3.907842
-3.884648
-3.879493
-3.891786
-3.921009
-3.966723
-4.028571
-4.106281
-4.199659
-4.308592
-4.433034
-4.573007
-4.728586
-4.899887
-5.087056
-5.290249
-5.509616
-5.745276
-5.997291
-6.265635
-6.550161
-6.850558
-7.166307
-7.496633
-7.840444
-8.196276
-8.562230
-8.935910
-9.314362
-9.694021
-10.070676
-10.439448
-10.794798
-11.130576
-11.440111
-11.716353
-11.952074
-12.140124
-12.273741
-12.346887
-12.354612
-12.293394
-12.161436
-11.958883
-11.687927
-11.352786
-10.959544
-10.515878
-10.030672
-9.513583
-8.974574
-8.423476
-7.869602
-7.321434
-6.786404
-6.270767
-5.779552
-5.316586
-4.884573
-4.485199
-4.119274
-3.786867
-3.487455
-3.220051
-2.983327
-2.775723
-2.595535
-2.440993
-2.310321
-2.201789
-2.113744
-2.044642
-1.993067
-1.957740
-1.937530
-1.931452
-1.938674
-1.958508
-1.990406
-2.033961
-2.088896
-2.155059
-2.232419
-2.321060
-2.421174
-2.533061
-2.657117
-2.793836
-2.943803
-3.107692
-3.286257
-3.480328
-3.690808
-3.918656
-4.164884
-4.430535
-4.716669
-5.024336
-5.354545
-5.708221
-6.086160
-6.488961
-6.916950
-7.370088
-7.847860
-8.349142
-8.872054
-9.413794
-9.970459
-10.536863
-11.106369
-11.670741
-12.220058
-12.742709
-13.225514
-13.654002
-14.012875
-14.286680
-14.460681
-14.521870
-14.460059
-14.268911
-13.946774
-13.497174
-12.928868
-12.255396
-11.494188
-10.665328
-9.790156
-8.889878
-7.984364
-7.091226
-6.225229
-5.398037
-4.618217
-3.891456
-3.220906
-2.607582
-2.050790
-1.548520
-1.097804
-0.695023
-0.336158
-0.016988
0.266750
0.519251
0.744554
0.946492
1.128657
1.294381
1.446734
1.588528
1.722332
1.850485
1.975118
2.098176
2.221439
2.346544
2.475009
2.608246
2.747587
2.894299
3.049594
3.214649
3.390612
3.578609
3.779754
3.995147
4.225872
4.472999
4.737563
5.020560
5.322916
5.645466
5.988911
6.353775
6.740344
7.148599
7.578128
8.028032
8.496812
8.982247
9.481258
9.989778
10.502619
11.013359
11.514271
11.996294
12.449100
12.861251
13.220497
13.514205
13.729939
13.856172
13.883067
13.803287
13.612726
13.311058
12.902034
12.393438
11.796705
11.126219
10.398388
9.630604
8.840210
8.043594
7.255473
6.488416
5.752600
5.055762
4.403319
3.798596
3.243112
2.736895
2.278788
1.866742
1.498065
1.169639
0.878101
0.619980
0.391809
0.190209
0.011941
-0.146050
-0.286613
-0.412383
-0.525775
-0.628993
-0.724039
-0.812728
-0.896702
-0.977450
-1.056327
-1.134569
-1.213313
-1.293611
-1.376451
-1.462768
-1.553463
-1.649409
-1.751470
-1.860509
-1.977400
-2.103037
-2.238340
-2.384268
-2.541823
-2.712053
-2.896061
-3.095006
-3.310105
-3.542628
-3.793897
-4.065280
-4.358172
-4.673980
-5.014097
-5.379863
-5.772521
-6.193151
-6.642594
-7.121353
-7.629469
-8.166376
-8.730723
-9.320175
-9.931183
-10.558740
-11.196132
-11.834704
-12.463670
-13.070019
-13.638546
-14.152081
-14.591975
-14.938854
-15.173694
-15.279137
-15.240984
-15.049672
-14.701550
-14.199705
-13.554165
-12.781389
-11.903073
-10.944448
-9.932322
-8.893161
-7.851454
-6.828510
-5.841763
-4.904529
-4.026135
-3.212306
-2.465690
-1.786437
-1.172764
-0.621470
-0.128374
0.311318
0.702727
1.051082
1.361555
1.639143
1.888595
2.114362
2.320570
2.511013
2.689158
2.858160
3.020875
3.179889
3.337538
3.495936
3.656993
3.822446
3.993870
4.172701
4.360249
4.557709
4.766167
4.986606
5.219898
5.466807
5.727969
6.003880
6.294870
6.601074
6.922398
7.258471
7.608598
7.971705
8.346273
8.730280
9.121131
9.515599
9.909773
10.299022
10.677984
11.040584
11.380107
11.689307
11.960592
12.186264
12.358820
12.471309
12.517717
12.493359
12.395239
12.222342
11.975824
11.659065
11.277573
10.838745
10.351500
9.825821
9.272253
8.701405
8.123490
7.547950
6.983172
6.436308
5.913192
5.418339
4.955011
4.525328
4.130410
3.770531
3.445274
3.153682
2.894393
2.665765
2.465971
2.293097
2.145201
2.020378
1.916795
1.832729
1.766582
1.716904
1.682391
1.661899
1.654435
1.659161
1.675384
1.702555
1.740259
1.788211
1.846248
1.914325
1.992507
2.080965
2.179972
2.289901
2.411216
2.544477
2.690328
2.849504
3.022821
3.211176
3.415540
3.636956
3.876524
4.135398
4.414764
4.715823
5.039766
5.387733
5.760778
6.159802
6.585491
7.038220
7.517953
8.024109
8.555415
9.109730
9.683852
10.273314
10.872169
11.472797
12.065745
12.639635
13.181188
13.675397
14.105896
14.455568
14.707393
14.845514
14.856469
14.730449
14.462432
14.053019
13.508796
12.842133
12.070404
11.214721
10.298366
9.345137
8.377838
7.417057
6.480347
5.581789
4.731918
3.937914
3.203965
2.531733
1.920837
1.369325
0.874096
0.431258
0.036433
-0.315012
-0.627778
-0.906503
-1.155661
-1.379502
-1.582009
-1.766877
-1.937511
-2.097028
-2.248271
-2.393828
-2.536051
-2.677082
-2.818871
-2.963208
-3.111734
-3.265971
-3.427335
-3.597153
-3.776676
-3.967091
-4.169524
-4.385049
-4.614684
-4.859385
-5.120042
-5.397455
-5.692322
-6.005202
-6.336487
-6.686348
-7.054690
-7.441081
-7.844682
-8.264163
-8.697609
-9.142428
-9.595250
-10.051834
-10.506991
-10.954530
-11.387241
-11.796941
-12.174581
-12.510444
-12.794448
-13.016533
-13.167159
-13.237855
-13.221810
-13.114429
-12.913805
-12.621038
-12.240344
-11.778936
-11.246666
-10.655469
-10.018668
-9.350220
-8.663976
-7.973035
-7.289232
-6.622781
-5.982088
-5.373696
-4.802354
-4.271166
-3.781787
-3.334651
-2.929201
-2.564107
-2.237465
-1.946972
-1.690070
-1.464074
-1.266261
-1.093949
-0.944549
-0.815610
-0.704839
-0.610119
-0.529518
-0.461287
-0.403856
-0.355828
-0.315967
-0.283190
-0.256552
-0.235231
-0.218524
-0.205827
-0.196629
-0.190501
-0.187085
-0.186086
-0.187268
-0.190440
-0.195461
-0.202223
-0.210657
-0.220724
-0.232413
-0.245738
-0.260740
-0.277481
-0.296044
-0.316537
-0.339086
-0.363840
-0.390971
-0.420673
-0.453165
-0.488691
-0.527522
-0.569962
-0.616343
-0.667034
-0.722443
-0.783016
-0.849248
-0.921680
-1.000909
-1.087589
-1.182441
-1.286253
-1.399891
-1.524303
-1.660526
-1.809695
-1.973049
-2.151935
-2.347822
-2.562300
-2.797087
-3.054033
-3.335119
-3.642451
-3.978252
-4.344842
-4.744607
-5.179959
-5.653268
-6.166779
-6.722488
-7.321987
-7.966256
-8.655400
-9.388320
-10.162310
-10.972585
-11.811744
-12.669193
-13.530572
-14.377272
-15.186137
-15.929514
-16.575806
-17.090711
-17.439244
-17.588556
-17.511332
-17.189365
-16.616659
-15.801364
-14.765957
-13.545442
-12.183822
-10.729528
-9.230739
-7.731404
-6.268521
-4.870806
-3.558574
-2.344482
-1.234760
-0.230591
0.670555
1.473756
2.185699
2.813958
3.366457
3.851104
4.275534
4.646953
4.972049
5.256948
5.507203
5.727804
5.923201
6.097339
6.253694
6.395305
6.524819
6.644521
6.756372
6.862037
6.962915
7.060166
7.154733
7.247365
7.338635
7.428954
7.518591
7.607683
7.696251
7.784206
7.871363
7.957450
8.042119
8.124952
8.205475
8.283163
8.357453
8.427757
8.493466
8.553969
8.608661
8.656955
8.698297
8.732178
8.758146
8.775816
8.784885
8.785136
8.776452
8.758818
8.732327
8.697183
8.653695
8.602282
8.543462
8.477846
8.406127
8.329072
8.247505
8.162299
8.074355
7.984596
7.893945
7.803319
7.713614
7.625693
7.540379
7.458447
7.380618
7.307553
7.239851
7.178047
7.122610
7.073949
7.032404
6.998259
6.971737
6.953003
6.942172
6.939306
6.944417
6.957473
6.978397
7.007068
7.043322
7.086957
7.137724
7.195336
7.259461
7.329725
7.405707
7.486938
7.572901
7.663031
7.756708
7.853261
7.951968
8.052051
8.152685
8.252995
8.352064
8.448937
8.542627
8.632129
8.716427
8.794508
8.865379
8.928083
8.981713
9.025435
9.058505
9.080285
9.090266
9.088077
9.073503
9.046491
9.007162
8.955808
8.892892
8.819045
8.735048
8.641827
8.540427
8.431998
8.317767
8.199018
8.077069
7.953243
7.828856
7.705185
7.583462
7.464849
7.350435
7.241220
7.138112
7.041924
6.953371
6.873072
6.801555
6.739255
6.686525
6.643641
6.610803
6.588147
6.575749
6.573625
6.581746
6.600033
6.628363
6.666574
6.714460
6.771780
6.838247
6.913537
6.997277
7.089051
7.188387
7.294761
7.407586
7.526209
7.649911
7.777892
7.909280
8.043117
8.178363
8.313896
8.448515
8.580939
8.709825
8.833770
8.951331
9.061040
9.161430
9.251057
9.328532
9.392547
9.441913
9.475590
9.492719
9.492652
9.474979
9.439545
9.386469
9.316146
9.229247
9.126710
9.009719
8.879680
8.738188
8.586988
8.427940
8.262970
8.094034
7.923074
7.751987
7.582588
7.416587
7.255568
7.100970
6.954085
6.816045
6.687831
6.570269
6.464043
6.369704
6.287677
6.218279
6.161727
6.118153
6.087616
6.070110
6.065577
6.073913
6.094977
6.128594
6.174560
6.232645
6.302588
6.384105
6.476877
6.580549
6.694727
6.818967
6.952767
7.095561
7.246705
7.405467
7.571017
7.742418
7.918608
8.098401
8.280471
8.463351
8.645431
8.824961
9.000057
9.168716
9.328835
9.478243
9.614729
9.736093
9.840189
9.924985
9.988620
10.029465
10.046188
10.037802
10.003721
9.943794
9.858329
9.748100
9.614343
9.458723
9.283295
9.090447
8.882832
8.663293
8.434784
8.200294
7.962773
7.725068
7.489866
7.259648
7.036664
6.822902
6.620088
6.429679
6.252876
6.090636
5.943691
5.812575
5.697644
5.599102
5.517028
5.451400
5.402112
5.369000
5.351854
5.350437
5.364493
5.393760
5.437972
5.496869
5.570193
5.657691
5.759111
5.874196
6.002681
6.144275
6.298659
6.465467
6.644270
6.834563
7.035743
7.247087
7.467732
7.696652
7.932636
8.174263
8.419885
8.667607
8.915275
9.160471
9.400516
9.632481
9.853215
10.059388
10.247545
10.414180
10.555829
10.669176
10.751163
10.799118
10.810872
10.784878
10.720300
10.617090
10.476028
10.298726
10.087592
9.845758
9.576976
9.285485
8.975860
8.652859
8.321264
7.985740
7.650714
7.320272
6.998085
6.687361
6.390824
6.110713
5.848793
5.606397
5.384455
5.183552
5.003970
4.845744
4.708710
4.592550
4.496834
4.421058
4.364676
4.327129
4.307863
4.306351
4.322107
4.354693
4.403729
4.468895
4.549931
4.646638
4.758872
4.886538
5.029583
5.187982
5.361729
5.550819
5.755231
5.974905
6.209719
6.459461
6.723798
7.002238
7.294094
7.598440
7.914062
8.239418
8.572581
8.911199
9.252450
9.593007
9.929023
10.256124
10.569432
10.863621
11.133003
11.371655
11.573595
11.732985
11.844381
11.902992
11.904954
11.847584
11.729594
11.551246
11.314424
11.022611
10.680772
10.295145
9.872962
9.422117
8.950820
8.467256
7.979284
7.494176
7.018435
6.557667
6.116518
5.698675
5.306897
4.943093
4.608412
4.303351
4.027865
3.781471
3.563352
3.372446
3.207528
3.067278
2.950337
2.855354
2.781027
2.726126
2.689520
2.670185
2.667223
2.679860
2.707454
2.749494
2.805594
2.875499
2.959070
3.056288
3.167242
3.292128
3.431239
3.584957
3.753748
3.938151
4.138766
4.356245
4.591271
4.844545
5.116761
5.408578
5.720587
6.053271
6.406954
6.781746
7.177466
7.593570
8.029050
8.482334
8.951168
9.432499
9.922347
10.415692
10.906376
11.387042
11.849119
12.282887
12.677635
13.021931
13.304024
13.512371
13.636273
13.666589
13.596458
13.421953
13.142593
12.761607
12.285929
11.725869
11.094512
10.406907
9.679139
8.927392
8.167114
7.412335
6.675198
5.965688
5.291559
4.658402
4.069829
3.527721
3.032501
2.583427
2.178849
1.816454
1.493477
1.206870
0.953445
0.729985
0.533331
0.360435
0.208413
0.074562
-0.043616
-0.148417
-0.241932
-0.326058
-0.402506
-0.472817
-0.538377
-0.600433
-0.660110
-0.718425
-0.776305
-0.834601
-0.894101
-0.955546
-1.019638
-1.087057
-1.158466
-1.234524
-1.315896
-1.403260
-1.497316
-1.598793
-1.708458
-1.827122
-1.955645
-2.094946
-2.246007
-2.409878
-2.587680
-2.780612
-2.989951
-3.217054
-3.463353
-3.730354
-4.019624
-4.332779
-4.671458
-5.037298
-5.431887
-5.856706
-6.313059
-6.801972
-7.324073
-7.879439
-8.467410
-9.086367
-9.733473
-10.404379
-11.092914
-11.790759
-12.487156
-13.168682
-13.819154
-14.419726
-14.949277
-15.385144
-15.704248
-15.884618
-15.907216
-15.757877
-15.429126
-14.921517
-14.244234
-13.414750
-12.457529
-11.401961
-10.279872
-9.123000
-7.960814
-6.818916
-5.718116
-4.674123
-3.697744
-2.795403
-1.969844
-1.220871
-0.546074
0.058547
0.598041
1.078085
1.504651
1.883760
2.221303
2.522923
2.793930
3.039264
3.263467
3.470680
3.664658
3.848779
4.026074
4.199246
4.370701
4.542570
4.716737
4.894855
5.078370
5.268532
5.466410
5.672897
5.888713
6.114404
6.350337
6.596690
6.853435
7.120321
7.396849
7.682251
7.975454
8.275056
8.579294
8.886018
9.192667
9.496258
9.793383
10.080225
10.352591
10.605972
10.835628
11.036706
11.204383
11.334035
11.421431
11.462930
11.455683
11.397812
11.288564
11.128404
10.919063
10.663508
10.365850
10.031183
9.665377
9.274837
8.866243
8.446296
8.021489
7.597908
7.181076
6.775850
6.386356
6.015973
5.667342
5.342418
5.042524
4.768430
4.520437
4.298452
4.102075
3.930666
3.783420
3.659418
3.557682
3.477218
3.417047
3.376236
3.353918
3.349309
3.361716
3.390552
3.435330
3.495675
3.571313
3.662078
3.767899
3.888800
4.024892
4.176363
4.343466
4.526512
4.725854
4.941869
5.174941
5.425436
5.693677
5.979912
6.284274
6.606741
6.947081
7.304800
7.679067
8.068650
8.471831
8.886324
9.309189
9.736754
10.164540
10.587215
10.998566
11.391527
11.758249
12.090247
12.378622
12.614366
12.788745
12.893752
12.922590
12.870162
12.733512
12.512160
12.208294
11.826784
11.374988
10.862388
10.300072
9.700122
9.074981
8.436845
7.797140
7.166127
6.552623
5.963867
5.405488
4.881573
4.394795
3.946587
3.537331
3.166552
2.833106
2.535349
2.271287
2.038705
1.835267
1.658609
1.506399
1.376389
1.266454
1.174610
1.099037
1.038082
0.990263
0.954267
0.928944
0.913301
0.906491
0.907808
0.916673
0.932628
0.955326
0.984522
1.020068
1.061907
1.110064
1.164644
1.225829
1.293874
1.369108
1.451930
1.542807
1.642282
1.750969
1.869556
1.998808
2.139568
2.292762
2.459398
2.640571
2.837463
3.051342
3.283564
3.535564
3.808855
4.105012
4.425653
4.772422
5.146944
5.550788
5.985396
6.452009
6.951556
7.484529
8.050817
8.649506
9.278651
9.934997
10.613681
11.307913
12.008648
12.704315
13.380612
14.020461
14.604184
15.109988
15.514815
15.795603
15.930923
15.902878
15.699056
15.314250
14.751614
14.022999
13.148301
12.153896
11.070381
9.930006
8.764201
7.601541
6.466343
5.377933
4.350519
3.393508
2.512106
1.708051
0.980361
0.326037
-0.259330
-0.781061
-1.244987
-1.657145
-2.023559
-2.350075
-2.642260
-2.905328
-3.144109
-3.363032
-3.566124
-3.757028
-3.939016
-4.115014
-4.287634
-4.459190
-4.631733
-4.807067
-4.986773
-5.172227
-5.364612
-5.564930
-5.774006
-5.992493
-6.220863
-6.459407
-6.708221
-6.967185
-7.235953
-7.513919
-7.800198
-8.093596
-8.392577
-8.695241
-8.999296
-9.302042
-9.600362
-9.890726
-10.169215
-10.431566
-10.673237
-10.889508
-11.075604
-11.226845
-11.338824
-11.407599
-11.429886
-11.403254
-11.326282
-11.198698
-11.021446
-10.796708
-10.527845
-10.219287
-9.876353
-9.505038
-9.111765
-8.703135
-8.285685
-7.865673
-7.448901
-7.040579
-6.645239
-6.266687
-5.907998
-5.571539
-5.259023
-4.971569
-4.709780
-4.473825
-4.263515
-4.078383
-3.917752
-3.780797
-3.666603
-3.574211
-3.502653
-3.450990
-3.418334
-3.403866
-3.406853
-3.426656
-3.462738
-3.514663
-3.582104
-3.664832
-3.762721
-3.875739
-4.003942
-4.147466
-4.306519
-4.481368
-4.672328
-4.879743
-5.103974
-5.345373
-5.604259
-5.880889
-6.175422
-6.487881
-6.818103
-7.165685
-7.529926
-7.909751
-8.303644
-8.709561
-9.124852
-9.546178
-9.969440
-10.389721
-10.801252
-11.197419
-11.570811
-11.913340
-12.216421
-12.471241
-12.669102
-12.801831
-12.862247
-12.844635
-12.745196
-12.562423
-12.297351
-11.953637
-11.537469
-11.057272
-10.523273
-9.946934
-9.340346
-8.715619
-8.084336
-7.457107
-6.843247
-6.250583
-5.685377
-5.152348
-4.654773
-4.194632
-3.772793
-3.389191
-3.043025
-2.732922
-2.457097
-2.213491
-1.999878
-1.813962
-1.653449
-1.516106
-1.399801
-1.302531
-1.222449
-1.157865
-1.107262
-1.069288
-1.042756
-1.026639
-1.020059
-1.022284
-1.032713
-1.050872
-1.076403
-1.109056
-1.148684
-1.195235
-1.248744
-1.309335
-1.377211
-1.452655
-1.536028
-1.627765
-1.728379
-1.838457
-1.958666
-2.089749
-2.232531
-2.387916
-2.556894
-2.740538
-2.940007
-3.156543
-3.391470
-3.646188
-3.922164
-4.220920
-4.544011
-4.893003
-5.269430
-5.674747
-6.110266
-6.577072
-7.075913
-7.607069
-8.170190
-8.764096
-9.386548
-10.033981
-10.701221
-11.381175
-12.064549
-12.739596
-13.391967
-14.004722
-14.558557
-15.032340
-15.403998
-15.651772
-15.755813
-15.699977
-15.473624
-15.073140
-14.502897
-13.775411
-12.910604
-11.934234
-10.875735
-9.765822
-8.634225
-7.507838
-6.409473
-5.357220
-4.364351
-3.439637
-2.587905
-1.810723
-1.107100
-0.474135
0.092411
0.597647
1.047177
1.446807
1.802340
2.119415
2.403408
2.659367
2.891974
3.105529
3.303954
3.490800
3.669272
3.842243
4.012289
4.181705
4.352540
4.526610
4.705527
4.890711
5.083407
5.284694
5.495493
5.716566
5.948515
6.191776
6.446602
6.713050
6.990959
7.279919
7.579245
7.887940
8.204658
