735
438
370
258
383
367
592
455
455
532
587
460
499
386
349
255
248
323
308
231
228
239
261
202
189
190
122
105
150
185
150
213
223
161
219
125
142
114
136
123
91
209
212
207
194
268
211
204
258
174
244
154
164
181
216
222
231
217
197
163
244
217
225
223
260
239
243
237
251
223
179
158
268
245
204
142
158
175
213
214
168
174
162
165
230
187
112
113
116
137
114
116
105
76
104
77
151
103
124
57
70
87
76
117
122
66
103
82
91
95
117
115
91
127
103
119
83
69
131
87
108
117
127
80
76
65
52
56
34
20
17
30
29
87
124
69
90
74
74
57
63
49
63
37
29
54
30
49
40
38
49
61
79
40
40
36
79
84
72
61
83
61
114
129
192
139
162
130
232
217
147
114
91
122
85
141
98
81
95
65
105
57
63
37
55
36
71
102
107
118
90
58
149
100
126
98
226
249
260
232
226
285
237
202
505
441
382
270
316
473
629
492
545
480
425
257
486
334
258
260
253
258
634
608
421
369
521
372
616
426
365
305
380
363
342
362
378
362
440
296
703
634
336
357
380
372
282
351
333
241
260
283
472
408
452
428
454
379
434
437
370
382
410
366
651
617
629
578
704
580
681
600
568
719
734
582
1159
1226
902
1011
1161
1360
1114
1233
1117
1231
1328
1257
2290
2172
2311
2086
1933
1795
1776
1366
1366
1720
2119
1961
2774
2136
1966
2076
1693
1499
1476
1185
903
863
868
623
1047
1044
1069
698
836
1002
1317
1095
1025
1015
911
628
661
682
477
550
465
362
488
404
480
481
445
457
644
581
420
315
396
348
408
343
307
314
393
302
563
466
369
340
418
463
452
483
463
525
467
295
798
580
454
421
436
465
496
372
214
337
358
269
571
505
441
361
367
313
314
373
288
450
439
303
546
531
335
215
206
220
250
189
145
183
174
129
461
323
289
242
293
275
266
231
171
265
288
259
343
308
231
83
172
313
265
220
170
241
274
183
575
478
389
314
498
820
904
991
913
837
472
520
479
317
442
609
852
883
817
822
815
763
615
923
849
666
513
650
772
943
1162
1339
1114
1041
1068
1019
1105
1030
988
736
956
1155
1214
1137
1001
1114
1202
1428
1353
1215
1474
1284
953
996
1076
1090
1139
1332
1027
956
923
936
1412
1374
1343
1159
1258
1607
1514
1479
1539
1314
1276
1499
1164
2559
2843
2667
2679
3283
2648
3697
3387
4554
4728
4499
4497
4179
4040
3684
3336
3497
3319
3781
3489
2933
2833
3055
3470
3695
3495
3735
4177
4169
3607
4295
3108
3154
2971
3213
3359
3222
4019
3701
4289
6453
4798
4318
4175
3038
2642
2767
2465
2567
2262
1859
1922
2405
2380
2070
1717
1608
1866
2093
1354
1277
1161
1367
920
1123
1301
1206
901
796
729
905
770
878
1006
1051
979
1021
1060
1004
1361
1087
673
929
1207
1465
1119
1382
1391
1566
1545
1448
1371
1818
1755
1517
1273
1559
2153
1721
1713
1705
1871
1891
1575
1787
1596
1741
1225
1464
1311
1229
1312
1788
1856
2005
2340
2096
2992
4538
2879
1913
1789
1518
































































































































