0.779939
1.361496
0.395134
0.909117
1.102786
1.091581
0.323124
0.705338
1.325244
0.442470
0.976578
1.049938
1.100619
0.334755
0.743482
1.266417
0.630693
1.041365
1.076058
0.991715
0.575292
1.077544
0.851728
0.804176
0.996850
1.190877
0.825447
0.705716
1.094300
0.584400
1.035428
1.033228
0.654909
1.214166
0.457677
0.973912
1.087539
0.946247
0.545770
0.831151
1.220322
0.865832
0.683525
1.119599
0.595730
1.113983
0.896681
0.794696
1.303974
0.296058
0.791403
1.262479
0.708192
0.796308
0.882673
1.337280
0.297303
0.830381
1.203355
0.792480
0.760668
0.888273
1.345892
0.351458
0.942271
1.030071
1.010954
0.623465
0.963823
1.181342
0.731625
1.222990
0.626101
1.094997
0.986558
1.004640
0.786199
1.071426
1.124957
0.502213
1.051148
0.906982
0.902733
1.309818
0.332944
0.871188
1.178789
0.748990
0.922530
1.041608
1.233851
0.468793
1.008965
1.103543
0.639156
1.174407
0.927099
0.469027
0.716332
1.308809
0.449853
1.024330
0.984738
1.050490
0.522421
0.935112
1.101221
0.831148
1.322848
0.502695
0.909855
1.024601
1.245324
0.281855
0.753807
1.301759
0.550088
0.968046
1.039546
1.219359
0.281236
0.786904
1.217450
0.744680
0.933288
1.080326
1.175600
0.436113
1.041692
0.937534
0.680007
1.086837
0.683129
1.164146
0.879686
0.697516
1.061892
0.852845
1.289784
0.681238
0.764115
0.819117
1.289128
0.318558
0.822209
1.242879
0.718732
0.811889
0.899012
1.334085
0.313584
0.864480
1.154566
0.858776
0.719013
0.895486
1.335338
0.431642
1.035815
0.965868
0.895922
1.027860
1.223499
0.350460
0.897219
1.074493
0.961226
0.933564
1.294182
0.370090
0.990994
0.852407
1.216776
0.694651
1.299033
0.596617
0.914771
1.065992
1.248018
0.246209
0.745898
1.230579
0.741603
0.893780
1.058442
1.235321
0.370243
1.004112
0.835126
1.078864
1.191067
0.397270
1.072937
0.549300
1.061588
1.024191
0.458242
0.841128
1.186928
0.872500
0.871620
1.379153
0.292998
0.857038
1.139229
0.914297
0.626775
0.853126
1.337133
0.438380
1.057553
0.906607
0.982963
1.006850
1.206091
0.561323
0.974932
1.092956
1.079456
0.427168
1.020505
0.649139
1.117342
0.982634
0.450285
0.735785
1.318129
0.454610
1.026107
0.987898
1.052992
0.506206
0.921968
1.112711
0.824057
1.314654
0.542328
0.891069
0.989005
1.281207
0.283198
0.766864
1.291361
0.587363
0.943012
1.024063
1.265181
0.278462
0.800345
1.210009
0.759306
0.893291
1.042696
1.252043
0.402011
1.017586
0.947747
0.810174
1.244375
0.728116
0.770707
0.852770
1.328409
0.315605
0.859108
1.169087
0.845008
0.705934
0.862690
1.341046
0.396128
0.997100
0.979328
1.006816
0.720559
1.096728
0.882949
1.166910
0.901631
0.597193
0.889402
1.293588
0.450872
1.115248
0.688517
1.119852
1.134412
0.268036
0.674245
1.314009
0.460590
0.970326
1.059715
1.124574
0.302598
0.724755
1.273289
0.609494
1.018965
1.065237
1.092807
0.410460
0.952621
0.967286
0.950381
1.275295
0.499680
0.986584
1.066865
1.103078
0.324263
0.772377
1.192201
0.864310
0.786738
1.156567
0.847878
0.948894
1.352046
0.266495
0.799882
1.208833
0.779389
0.825704
0.979209
1.322048
0.367869
0.989488
0.931815
1.030324
0.974563
1.210474
0.454684
1.022790
0.974977
0.992971
0.769410
1.196586
0.643467
1.092124
0.993122
1.012169
0.767109
1.054013
1.132378
0.549761
1.134175
0.735705
1.055078
1.160724
0.521926
1.201809
0.484019
1.001754
1.070199
0.922167
0.665801
1.057579
0.703988
1.168522
0.825648
0.779939
0.997792
1.235738
0.575495
1.155619
0.945863
0.467111
0.785883
1.219164
0.853550
0.702849
1.081858
0.813902
1.217854
0.906306
0.494959
0.723761
1.346296
0.333196
0.884597
1.140562
0.943087
0.504423
0.737242
1.324288
0.406639
0.983496
1.017712
1.049125
0.469298
0.836980
1.232409
0.718163
1.143667
1.036232
0.468783
1.027729
0.645346
1.127646
0.905798
0.614674
0.867012
1.291252
0.579299
1.125053
1.020514
0.507398
1.108122
0.480182
0.972075
1.106383
0.714639
1.104404
1.133408
0.324104
0.776467
1.286617
0.542270
1.072286
0.975072
1.056792
0.560017
1.018695
1.061769
0.580532
1.150699
0.523590
1.016199
1.068572
0.850935
0.896159
1.312622
0.282174
0.766276
1.285182
0.631938
0.885181
0.974195
1.319221
0.277491
0.800393
1.226745
0.736641
0.856655
0.977081
1.325447
0.337989
0.935250
1.016568
1.013815
0.739422
1.130362
0.883530
1.120933
0.918884
0.635169
0.917887
1.241187
0.656057
1.185285
0.905438
0.557414
0.848735
1.256915
0.681755
1.092654
1.185405
0.322728
0.913298
0.863609
1.290538
0.579248
1.143395
0.976586
0.516944
1.040454
0.585854
1.042332
1.014955
0.611573
1.089801
0.660931
1.166781
0.852659
0.738067
1.079349
0.848282
1.298201
0.645407
0.802446
0.862086
1.296789
0.311190
0.810729
1.256016
0.685125
0.852418
0.938262
1.330089
0.302397
0.848784
1.169886
0.831767
0.767056
0.933613
1.331029
0.417186
1.027678
0.960761
0.891260
1.084087
1.170138
0.313818
0.803304
1.210611
0.758314
0.997795
1.174922
0.791625
1.035924
1.147840
0.601195
1.249181
0.538863
1.014178
1.061360
1.052558
0.425796
0.920599
0.941665
1.202943
0.875736
0.609771
1.003643
0.768784
1.211030
0.756644
0.808374
0.920094
1.341660
0.342077
0.929179
1.046526
0.990251
0.652423
0.974302
1.189214
0.717102
1.176558
0.789107
1.084481
1.098226
0.647593
1.336853
0.355524
0.888565
1.140630
0.995913
0.401270
0.685858
1.319226
0.397643
0.949998
1.072827
1.041808
0.390128
0.726397
1.293190
0.541617
1.051385
1.026359
1.002232
0.556063
1.008525
0.921286
0.973405
1.207721
0.504082
1.103093
0.776673
1.031898
1.247832
0.284700
0.749110
1.321544
0.499040
0.959669
1.048378
1.193313
0.276635
0.743339
1.272291
0.616694
0.991699
1.054495
1.180082
0.340059
0.901447
1.044278
0.961278
1.036010
1.125892
0.419744
0.951256
0.974030
1.078835
1.083657
0.482755
1.047946
0.903166
0.726890
1.015979
0.981031
1.234277
0.529805
0.935155
1.061420
1.222176
0.253479
0.734391
1.252349
0.680968
0.945176
1.064370
1.215580
0.344738
0.945213
0.942888
1.071713
1.051014
0.898433
0.726538
1.130963
0.648213
1.127473
0.960544
0.735355
1.352086
0.285939
0.806809
1.225028
0.817816
0.655530
0.800171
1.351351
0.317151
0.874029
1.142460
0.909661
0.594543
0.799214
1.333170
0.419848
1.016101
0.968412
1.030451
0.643529
1.039929
0.975083
0.966121
1.244155
0.378065
0.966525
0.939537
1.101471
0.916446
1.170790
0.506762
0.983781
1.094662
0.975032
0.488945
0.861914
1.079654
1.177737
0.462779
1.130724
0.635934
1.032423
1.150727
0.549736
1.223525
0.477633
0.987106
1.079818
0.994809
0.465704
0.843463
1.115592
1.107185
0.491293
1.182726
0.417314
0.939539
1.124713
0.870303
0.662148
0.853512
1.296192
0.605734
0.995223
1.171441
0.719154
1.080617
1.220855
0.251342
0.719323
1.282839
0.584519
0.994498
1.051587
1.173908
0.323116
0.863164
1.089457
0.958735
0.899510
1.279604
0.506870
1.207307
0.566624
1.032683
1.180366
0.392464
0.984443
0.856534
1.173874
1.000690
0.475285
0.996322
0.730774
1.194390
0.847836
0.606260
0.740628
1.312073
0.350861
0.904272
1.120754
0.938244
0.542935
0.765782
1.318259
0.453214
1.030015
0.988773
1.002076
0.627125
1.014661
0.964204
1.073360
1.076024
0.401982
0.856146
1.173698
0.782369
1.187403
0.906799
0.585163
0.904260
1.216572
0.643173
1.309101
0.520367
0.930226
1.070342
1.224157
0.229700
0.677942
1.285539
0.572377
0.962336
1.053151
1.218449
0.276609
0.794228
1.181939
0.841387
0.830018
1.088317
1.134588
0.507685
1.183350
0.514821
1.020778
1.065263
0.879056
0.833450
1.292647
0.315730
0.819973
1.241535
0.716897
0.824783
0.916316
1.336219
0.313566
0.870723
1.139475
0.880261
0.709824
0.909305
1.325590
0.465533
1.063275
0.977918
0.752696
1.179168
0.988182
0.362472
0.628768
1.288780
0.396115
0.934735
1.099474
1.019249
0.389783
0.692984
1.298816
0.481846
1.016445
1.027243
1.061488
0.417934
0.846963
1.146423
0.903045
1.011698
1.143458
0.416449
0.917300
1.046142
1.052363
0.893150
1.054675
0.823341
1.250128
0.696102
0.883905
0.984996
1.318201
0.312329
0.885284
1.094065
0.941072
0.720657
1.011742
1.196459
0.628906
1.175287
0.857946
0.752552
1.084786
0.972596
0.958744
1.180740
0.384208
0.844695
1.259591
0.578088
1.054204
1.009572
1.093738
0.471059
0.972149
1.088714
0.659981
1.202549
0.813309
0.646973
0.782811
1.328879
0.367287
0.948768
1.037961
1.022294
0.530054
0.860044
1.264520
0.641949
1.164303
0.968110
0.523357
1.023293
0.655473
1.120595
0.893456
0.686418
0.948540
1.216142
0.737256
1.013520
1.327828
0.230960
0.720061
1.281240
0.620989
0.919564
1.021362
1.291547
0.271729
0.807404
1.185718
0.821850
0.815204
1.012607
1.278238
0.422249
1.064027
0.859226
0.862396
1.275590
0.383318
0.956059
0.988954
1.063744
0.734311
1.234214
0.628480
1.136183
0.943099
0.914740
1.112918
0.759942
1.246047
0.679119
1.006525
1.086138
1.078589
0.487761
1.040667
0.971048
0.583910
0.933337
1.057548
1.149722
0.626221
0.970585
1.214509
0.452401
1.011301
0.959755
0.913150
1.327882
0.468503
0.949795
1.089720
1.130460
0.262511
0.657503
1.286530
0.528377
0.987588
1.058048
1.148611
0.301562
0.785410
1.187045
0.842187
0.859088
1.169212
0.906811
0.818601
1.378014
0.262251
0.773355
1.255482
0.737672
0.767277
0.883432
1.361789
0.289013
0.835560
1.180919
0.840745
0.706711
0.868810
1.347034
0.379732
0.985699
0.971260
1.043399
0.676268
1.081569
0.936062
1.001179
1.212922
0.370768
0.946393
0.946320
1.138910
0.902022
0.980720
0.961318
1.172235
0.895931
0.545974
0.797227
1.324121
0.466323
1.071167
0.913640
1.003103
0.880367
1.248007
0.719408
0.797482
0.880741
1.328797
0.316418
0.862433
1.163431
0.844789
0.725945
0.888213
1.338616
0.413381
1.017159
0.970480
0.953061
0.888430
1.221896
0.557472
1.146838
0.805180
0.949681
1.368520
0.223461
0.698347
1.290966
0.611387
0.894229
1.009987
1.316320
0.249255
0.760783
1.244255
0.711021
0.878474
1.000729
1.313686
0.320010
0.913155
1.025315
1.039609
0.699160
1.134877
0.870842
1.043684
1.191271
0.336733
0.876207
1.055859
1.073724
0.735395
1.357702
0.371557
0.924395
1.096679
1.026465
0.396818
0.716445
1.310964
0.470416
1.022753
1.006312
1.066612
0.442688
0.872964
1.144121
0.837553
1.208250
0.767795
0.787484
0.948173
1.343426
0.342501
0.962803
0.922719
1.163639
0.626761
1.190609
0.735586
0.929476
1.125533
0.973973
0.902432
0.996456
1.174590
0.866085
0.609240
0.937148
0.980341
1.271728
0.505651
0.957832
1.085056
1.142451
0.276584
0.726206
1.239026
0.724030
0.926138
1.105700
1.127790
0.408176
1.036871
0.666605
1.110537
1.071242
0.335099
0.696501
1.325182
0.430767
0.968899
1.057083
1.088667
0.340575
0.732131
1.277283
0.597154
1.044356
1.057078
1.015885
0.524744
1.022735
0.904154
0.869080
1.149933
0.749775
1.306353
0.568279
0.934718
1.030149
1.266613
0.259667
0.759249
1.252615
0.679298
0.925992
1.032987
1.271368
0.322973
0.911616
1.026284
1.016998
0.815591
1.245666
0.629412
1.246839
0.696080
0.938900
1.256440
0.455436
1.072383
0.817289
1.043779
1.257471
0.299533
0.843504
1.151867
0.807758
1.068008
1.119795
0.661559
1.340198
0.361232
0.889422
1.140259
1.004229
0.389447
0.683057
1.320108
0.397726
0.947753
1.076233
1.043617
0.383060
0.719968
1.295327
0.529942
1.045203
1.023002
1.026071
0.508017
0.964256
0.987424
0.957648
1.261303
0.404510
0.988300
0.985182
0.998106
0.794215
1.189396
0.679310
1.233742
0.769489
0.873888
1.262697
0.460805
1.067549
0.854206
1.025102
1.185421
0.608739
1.309973
0.419553
0.928895
1.101870
1.089674
0.295664
0.653199
1.299195
0.464648
0.975363
1.061464
1.109715
0.312672
0.729030
1.262828
0.643576
1.013872
1.090673
1.045974
0.473095
1.023602
0.825251
1.001608
1.181858
0.509117
1.054639
0.939328
0.822466
1.298150
0.360664
0.901392
1.148336
0.822686
0.775938
0.926697
1.320173
0.471981
1.028284
1.059753
0.772238
0.989983
1.238945
0.352397
0.836171
1.285718
0.519325
1.008519
1.029668
1.142644
0.336304
0.831295
1.161038
0.833338
0.999374
1.194440
0.673784
1.295507
0.455715
0.966191
1.073611
1.090544
0.320120
0.712219
1.275487
0.599431
1.023083
1.070392
1.059600
0.435690
0.961963
0.916725
1.059670
1.190859
0.340554
0.891411
1.027431
1.117772
0.696652
1.349215
0.390686
0.917635
1.105124
1.065766
0.335934
0.689151
1.316333
0.445566
0.981366
1.047671
1.092509
0.344838
0.750877
1.257537
0.659584
1.037555
1.103765
0.925094
0.698133
1.184550
0.651376
1.004433
1.110338
0.953909
0.737121
1.260276
0.570772
1.090857
1.027523
0.744991
1.143627
1.032802
0.524977
1.122335
0.552373
1.058964
1.015741
0.748276
1.316622
0.400634
0.970846
1.032953
1.037897
0.472852
0.825815
1.249424
0.691831
1.114367
1.113656
0.434403
1.095131
0.495396
0.996843
1.086784
0.594422
1.207230
0.552408
0.959204
1.080796
1.157776
0.302946
0.824285
1.084038
1.114583
0.497661
1.099081
0.693287
1.100872
1.091907
0.462970
1.019014
0.823447
1.193474
0.996240
0.341328
0.597070
1.268318
0.384686
0.909949
1.134962
0.982264
0.408460
0.662064
1.293957
0.419618
0.965417
1.064656
1.042806
0.392326
0.738327
1.276169
0.609269
1.046990
1.087210
0.904294
0.708554
1.174468
0.528073
1.056149
0.986005
0.850716
1.151359
1.030647
0.540241
1.188876
0.400983
0.913415
1.153550
0.872049
0.602332
0.755771
1.305406
0.428818
0.998626
1.020126
1.004127
0.553336
0.901944
1.148208
0.936139
0.895494
1.118503
0.910497
1.195574
0.530880
1.002604
1.061261
1.066702
0.399375
0.883477
1.011029
1.177156
0.745239
1.037994
1.175765
0.583977
1.283265
0.464628
0.956894
1.085843
1.109184
0.287198
0.682527
1.279862
0.569401
1.005038
1.060996
1.122947
0.346794
0.867364
1.059380
1.042699
0.874459
1.248474
0.399898
0.957796
1.025556
0.990800
0.732773
1.108514
0.885156
1.206363
0.724778
0.818494
0.939607
1.350459
0.316585
0.902334
1.058690
1.012044
0.608374
0.957114
1.222407
0.595286
1.271690
0.522293
0.979576
1.086031
1.092303
0.332718
0.796370
1.138123
1.025700
0.545360
1.094040
0.696486
1.136782
1.022742
0.507156
1.028381
0.787243
1.226972
0.890902
0.487873
0.658196
1.288522
0.343652
0.872704
1.171424
0.903509
0.528910
0.710254
1.309199
0.372723
0.930614
1.090383
0.987019
0.475841
0.750788
1.304352
0.511978
1.056073
1.009459
0.949159
0.700957
1.106525
0.752432
1.123433
1.015775
0.746995
1.358252
0.342024
0.907291
1.104258
0.980198
0.486822
0.759522
1.317786
0.469300
1.047322
0.969085
1.016424
0.641066
1.054028
0.936001
0.896745
1.214173
0.639918
1.298800
0.534863
0.941721
1.077373
1.202165
0.243258
0.704270
1.264472
0.641882
0.961246
1.063937
1.205930
0.324056
0.902264
0.999397
1.091438
0.840650
1.293063
0.425267
0.985925
1.023517
1.057112
0.441566
0.822976
1.227804
0.734916
1.105248
1.128575
0.433798
1.097975
0.501265
1.006120
1.077850
0.585924
1.199129
0.516277
0.968350
1.095551
1.079088
0.338882
0.789050
1.146894
1.019652
0.522844
1.050603
0.773012
1.161331
1.033191
0.378962
0.749431
1.346440
0.388281
0.953216
1.057130
1.050311
0.405387
0.755772
1.288213
0.571122
1.078344
1.020138
0.915236
0.795125
1.201650
0.749518
0.831962
0.949471
1.330071
0.376433
0.984125
0.974127
0.996368
0.848125
1.218215
0.630023
1.224310
0.740416
0.935319
1.312197
0.338882
0.918561
1.036085
1.028214
0.668415
1.078846
0.984070
0.894580
1.324592
0.300893
0.839252
1.184389
0.820223
0.753463
0.907229
1.343656
0.382186
0.991952
0.964856
1.015147
0.795754
1.191212
0.710462
1.207615
0.853464
0.822404
1.328985
0.347752
0.926682
1.053475
1.007033
0.569973
0.889978
1.270805
0.604301
1.186736
0.859715
0.671137
1.044131
0.764910
1.247149
0.696579
0.841685
0.940571
1.342360
0.296336
0.850180
1.155817
0.865242
0.725616
0.919218
1.330705
0.435400
1.052653
0.934233
0.864430
1.182536
1.004248
0.394706
0.801169
1.169266
0.945996
0.691882
1.263537
0.400554
0.954564
1.068502
0.972747
0.545239
0.823583
1.272842
0.673819
1.001458
1.237675
0.494119
1.138085
0.784889
0.835801
1.177081
0.515766
1.010820
1.043690
0.719097
1.278687
0.604753
0.865402
0.938787
1.301718
0.300135
0.805610
1.253162
0.671977
0.898280
0.989414
1.311403
0.306433
0.870481
1.118748
0.906272
0.747942
1.002972
1.237022
0.563744
1.131931
1.003838
0.398736
0.778643
1.185047
0.948599
0.561733
1.010018
0.876549
1.187784
0.975889
0.383432
0.642409
1.301361
0.372940
0.909618
1.125298
0.992557
0.410906
0.683217
1.306268
0.425337
0.977162
1.047866
1.055505
0.395287
0.763210
1.259859
0.665278
1.048074
1.134266
0.760525
1.004363
1.302589
0.293629
0.844198
1.152689
0.822689
0.968118
1.153566
0.887274
1.005445
0.874080
1.218350
0.861639
0.573582
0.750316
1.344163
0.323686
0.873727
1.152466
0.912965
0.555059
0.758142
1.328143
0.395655
0.977485
1.016866
1.041094
0.499078
0.857089
1.230638
0.716250
1.168463
0.951815
0.550100
0.966222
0.938807
1.267098
0.672941
0.782537
0.861460
1.328233
0.297113
0.821463
1.217878
0.769249
0.778507
0.893707
1.345648
0.334170
0.913573
1.071067
0.974718
0.623274
0.915048
1.271641
0.601439
1.153518
0.978212
0.462890
0.893404
0.967967
1.285775
0.523113
0.987838
1.132935
0.843932
0.814952
1.231089
0.426876
0.967572
1.035620
0.894952
1.063742
1.162020
0.365672
0.862482
1.223591
0.566884
1.132280
0.870660
0.996408
1.112815
0.695786
1.231639
0.677033
1.059366
1.101389
0.828762
0.982617
1.170153
0.864477
0.916468
1.127160
1.025052
0.788077
0.976307
1.257589
0.466656
1.132507
0.686539
0.988740
1.229256
0.378794
0.892660
1.185298
0.649268
1.124009
0.969255
0.893469
1.157135
0.592046
1.087582
0.950380
0.732884
1.197084
0.501805
1.053609
0.926879
0.931627
1.253249
0.644335
1.172750
0.895341
0.649715
0.995368
1.020957
1.137692
0.642150
0.942537
1.103282
1.029287
0.821768
0.978127
1.258400
0.557579
1.121582
1.033245
0.376203
0.809907
1.098253
1.152858
0.413387
1.071513
0.566665
1.067362
1.031368
0.468767
0.897987
1.077046
1.080703
0.727757
1.133157
1.004533
0.736827
1.341786
0.362205
0.928535
1.085352
0.992280
0.481076
0.765238
1.305985
0.518998
1.069368
0.997384
0.917052
0.819972
1.209667
0.628760
1.052277
1.040762
1.026705
0.638663
1.072758
1.106061
0.361155
0.799911
1.273534
0.559090
1.112134
0.923774
1.006787
0.842428
1.175210
0.978619
0.463280
0.804606
1.354854
0.358923
0.939831
1.048828
1.031996
0.482733
0.816083
1.287755
0.583702
1.134305
0.963772
0.715338
1.271690
0.434127
1.043399
0.867106
1.140838
0.705007
1.230734
0.770122
0.785772
1.015752
1.207920
0.489149
1.193565
0.477199
0.981734
1.118911
0.814968
0.849842
1.192980
0.527906
1.078802
0.849136
1.003318
1.315538
0.223153
0.669506
1.305431
0.533509
0.927930
1.047163
1.251910
0.240567
0.709448
1.284086
0.597764
0.950677
1.041548
1.248612
0.279167
0.812630
1.168329
0.855364
0.815312
1.067860
1.171549
0.507707
1.168474
0.644415
0.978462
1.132807
0.886492
1.040422
0.865430
1.174329
0.962466
0.521792
0.898754
1.263606
0.425836
1.044951
0.800229
1.172691
0.922759
0.793426
1.337509
0.395049
1.000695
0.954649
1.075049
0.603439
1.028815
1.025339
0.787953
1.314923
0.423262
1.011490
0.959376
1.101126
0.498846
0.937675
1.138921
0.687404
1.281738
0.641909
0.854254
0.978078
1.349224
0.249266
0.767182
1.241190
0.725246
0.848229
0.971900
1.334726
0.316838
0.905330
1.046173
1.022480
0.646084
1.029927
1.099604
0.713899
1.353753
0.357848
0.883117
1.144063
1.003555
0.394704
0.696011
1.328829
0.391432
0.945122
1.075968
1.041453
0.389406
0.724346
1.297290
0.525790
1.048058
1.016590
1.022523
0.524798
0.975710
0.984586
0.927774
1.269659
0.427781
1.018273
0.940525
1.025425
0.864932
1.277571
0.559287
1.015403
1.026047
1.165287
0.347581
0.879084
1.112958
0.851894
1.029241
1.146302
0.680701
1.345784
0.390182
0.912921
1.109646
1.066258
0.331794
0.683008
1.317176
0.437258
0.972142
1.056406
1.089535
0.339036
0.733658
1.272479
0.613136
1.040593
1.069951
1.003196
0.542837
1.046968
0.851536
0.907651
1.119365
0.879881
1.273409
0.451782
0.956014
1.076476
1.102820
0.309359
0.705508
1.287362
0.558265
1.021476
1.047970
1.098143
0.381325
0.889805
1.053872
0.981160
1.105427
0.827089
0.749538
0.943013
1.242889
0.743464
0.834140
1.177920
0.556116
1.100169
0.857620
0.916462
1.342103
0.247321
0.715469
1.300300
0.598348
0.889837
0.994434
1.317734
0.252387
0.752583
1.265887
0.663579
0.896710
0.999241
1.313137
0.290538
0.848533
1.136473
0.898216
0.739270
0.992887
1.260365
0.503603
1.142553
0.829890
0.720380
1.034878
0.833052
1.270657
0.626405
0.928962
1.006699
1.287351
0.295586
0.840976
1.162972
0.835259
0.826845
1.025491
1.250998
0.484608
1.076635
1.012868
0.481897
0.965527
0.830614
1.229506
0.861528
0.533758
0.668382
1.274410
0.353398
0.884505
1.161286
0.897347
0.554456
0.728074
1.309741
0.387857
0.953799
1.059366
1.007899
0.483110
0.790519
1.282162
0.616972
1.073539
1.112142
0.641976
1.150156
1.008932
0.375768
0.699954
1.319570
0.432052
0.989343
1.028876
1.075332
0.392379
0.788932
1.240119
0.704840
1.072191
1.136465
0.644869
1.223108
0.625166
1.152361
0.910252
0.901500
1.266587
0.388062
0.908322
1.184384
0.645787
1.040158
1.048027
1.060300
0.595336
1.035227
1.138792
0.437825
1.005460
0.837452
1.191529
1.005908
0.328650
0.601937
1.274246
0.398942
0.927947
1.113035
1.012571
0.381411
0.671791
1.295828
0.457440
0.994755
1.041916
1.067805
0.382986
0.785061
1.220584
0.773724
0.979973
1.247739
0.578686
1.207084
0.745864
0.811188
1.022966
1.178411
0.677050
1.167971
0.906530
0.684546
1.041765
1.067404
0.702146
1.367761
0.314182
0.834719
1.186565
0.933509
0.486210
0.741242
1.351149
0.348565
0.912036
1.102010
0.986976
0.470621
0.748198
1.315056
0.470633
1.042122
0.979493
1.024536
0.590340
1.005113
0.995856
0.893782
1.281881
0.441135
1.051669
0.862507
1.098620
0.900688
1.216198
0.706480
0.809576
0.915917
1.353332
0.297614
0.855369
1.147428
0.885565
0.687082
0.892187
1.334818
0.438857
1.056683
0.923923
0.903344
1.143590
1.065344
0.416881
1.003488
0.640458
1.110472
0.921441
0.591496
0.815339
1.313344
0.520856
1.063807
1.036357
0.785267
1.010976
1.283149
0.258792
0.730848
1.296274
0.572717
0.953017
1.037537
1.245245
0.272753
0.786456
1.215000
0.756256
0.902156
1.058430
1.227374
0.405776
1.027584
0.911626
0.825913
1.250654
0.510591
1.039779
1.021830
0.943672
0.714131
1.134436
0.639752
1.121522
0.958172
0.789082
1.370406
0.279132
0.796162
1.242698
0.769990
0.722055
0.841253
1.355019
0.301633
0.850510
1.169887
0.862219
0.664514
0.834064
1.342513
0.387611
0.987199
0.982369
1.039994
0.622862
1.009061
1.056560
0.880055
1.291343
0.364627
0.913343
1.113858
0.944203
0.538533
0.768803
1.315418
0.472392
1.041530
0.994166
0.970719
0.686711
1.073063
0.833259
1.176018
0.956480
0.570668
0.996092
1.046465
0.726422
1.291095
0.414286
0.954016
1.081421
1.014332
0.422832
0.737795
1.287555
0.570281
1.053233
1.059918
0.917537
0.693470
1.133723
0.610012
1.094024
0.990897
0.772650
1.341785
0.322417
0.854181
1.202275
0.815757
0.675992
0.799357
1.332358
0.341679
0.905874
1.104783
0.946853
0.572288
0.811937
1.319380
0.495336
1.069231
0.985848
0.855341
1.002348
1.261447
0.363871
0.970924
0.867514
1.216639
0.792242
1.067720
1.090850
0.512843
1.012682
0.925026
1.159202
0.931733
0.473619
0.700736
1.301300
0.441290
1.001106
1.023064
1.040041
0.461367
0.842019
1.190370
0.836030
1.021928
1.230061
0.331160
0.886675
1.023628
1.156099
0.566661
1.239570
0.497756
0.987617
1.079432
1.047801
0.382729
0.808574
1.133916
1.051504
0.527082
1.153091
0.499042
1.011447
1.059263
0.850191
0.910542
1.295807
0.295521
0.769843
1.298672
0.593053
0.907359
0.993847
1.297073
0.274870
0.783849
1.249662
0.683879
0.906541
1.008267
1.300112
0.315760
0.895904
1.066628
0.974938
0.741364
1.093962
1.012005
0.873061
1.175786
0.555333
1.075711
0.937766
0.792509
1.304711
0.317976
0.826070
1.240458
0.743839
0.759610
0.846469
1.329246
0.315882
0.858602
1.171888
0.842957
0.700306
0.852828
1.340648
0.389515
0.987332
0.989421
1.016255
0.666326
1.035995
1.006918
1.013845
1.051027
0.481384
0.907025
1.087981
0.998794
0.967524
0.853932
1.122282
1.089118
0.379413
0.808562
1.320041
0.436827
1.017220
0.971729
1.094252
0.468022
0.902046
1.163807
0.707202
1.266472
0.720694
0.814591
1.025466
1.251406
0.335782
0.924132
0.937395
1.233062
0.607422
1.302416
0.484815
0.942568
1.091716
1.153049
0.248170
0.658485
1.284824
0.541354
0.983445
1.059329
1.163278
0.295195
0.791086
1.177602
0.861987
0.830092
1.154400
0.935563
0.780562
1.370406
0.270272
0.783908
1.245661
0.769836
0.722108
0.848702
1.361566
0.297686
0.848278
1.168739
0.865099
0.664315
0.838707
1.343550
0.390389
0.993153
0.972275
1.043172
0.644778
1.042675
0.997358
0.929788
1.280956
0.348295
0.925699
1.025675
1.037239
0.679528
1.110496
0.903213
1.024221
1.201554
0.321491
0.836161
1.153805
0.859767
0.956026
1.246701
0.588037
1.287901
0.482307
0.958797
1.093972
1.105228
0.286400
0.688162
1.268802
0.610957
0.998191
1.079106
1.111234
0.371039
0.921619
0.943006
1.145769
0.987442
0.635988
1.177243
0.688628
1.073644
1.171680
0.443356
1.138578
0.481432
0.994259
1.105202
0.640770
1.219384
0.764838
0.708541
0.822445
1.338656
0.339882
0.914515
1.076110
0.982572
0.569655
0.856400
1.301628
0.554440
1.127591
0.970180
0.618908
1.202852
0.409655
0.947713
1.077650
0.927113
0.669772
0.925524
1.228822
0.783068
0.846630
1.296399
0.312363
0.816522
1.244229
0.724920
0.798191
0.885440
1.334128
0.312992
0.860959
1.161944
0.850578
0.717030
0.883657
1.339125
0.414202
1.019205
0.965807
0.958589
0.888909
1.226551
0.555429
1.142343
0.822050
0.957488
1.362116
0.232852
0.715039
1.295862
0.599247
0.903142
1.009119
1.307406
0.253245
0.759930
1.252184
0.690508
0.893595
1.005523
1.308218
0.310204
0.891874
1.062145
0.999102
0.697474
1.077909
1.026435
0.810836
1.330479
0.335047
0.869073
1.185206
0.836296
0.658069
0.792297
1.328554
0.361661
0.934808
1.066845
0.986976
0.544883
0.830840
1.292971
0.591992
1.098066
1.079080
0.541236
1.175785
0.588017
1.008952
1.096505
0.963607
0.656230
1.206401
0.499985
1.030114
1.022047
0.945979
0.713198
1.124226
0.653670
1.144183
0.919051
0.751516
1.313607
0.311764
0.841763
1.197092
0.830029
0.668806
0.804078
1.335678
0.349192
0.921045
1.080233
0.975119
0.555803
0.828025
1.305624
0.550622
1.097347
1.022060
0.662358
1.189953
0.804588
0.761495
1.006368
1.223011
0.456308
1.144957
0.536190
1.033235
1.111074
0.500912
1.129128
0.561837
1.039034
1.081781
0.679137
1.331351
0.388989
0.904691
1.116429
1.064063
0.332834
0.682852
1.321033
0.425742
0.962547
1.064506
1.082723
0.339751
0.720901
1.284605
0.570518
1.039923
1.045393
1.044977
0.468759
0.965064
0.969931
0.931891
1.272153
0.434262
1.013768
0.976956
0.996268
0.755847
1.157692
0.721745
1.190089
0.892467
0.795238
1.338433
0.344698
0.924808
1.057018
1.014216
0.532330
0.850882
1.291312
0.570507
1.155874
0.906687
0.696652
1.247600
0.328704
0.826592
1.235821
0.757867
0.739895
0.825154
1.320197
0.324815
0.867574
1.165013
0.852825
0.683777
0.839955
1.337501
0.397794
0.993261
0.990097
1.010932
0.662684
1.028430
1.008814
1.032507
1.007972
0.525591
0.915241
1.076895
1.077237
0.766949
0.989526
1.275293
0.383263
1.038502
0.676158
1.187735
0.881387
0.542526
0.733641
1.330282
0.361286
0.929342
1.078486
1.000389
0.480242
0.772528
1.304665
0.529009
1.077338
0.997153
0.887601
0.898114
1.256680
0.552685
1.049128
1.053299
0.872114
0.896409
1.328275
0.352706
0.961487
0.929778
1.179453
0.556735
1.110643
0.849941
0.880770
1.245967
0.429269
0.967351
1.067006
0.774819
1.192021
0.950793
0.485216
0.800438
1.360559
0.347565
0.925291
1.068150
1.011124
0.495486
0.805126
1.302344
0.545847
1.110852
0.962577
0.800077
1.179369
0.908093
0.895151
1.247773
0.467933
1.045804
0.897221
0.980633
1.309557
0.346363
0.990324
0.784470
1.253085
0.652246
1.224337
0.759983
0.880037
1.230948
0.498970
1.102381
0.781967
1.039833
1.301017
0.206399
0.640889
1.297315
0.517531
0.938875
1.065685
1.215773
0.240749
0.695632
1.281402
0.592467
0.965894
1.052064
1.218643
0.289860
0.826799
1.135444
0.923265
0.771795
1.130052
0.964467
0.798061
1.374168
0.284269
0.809243
1.230432
0.787254
0.706986
0.831103
1.351307
0.312916
0.869437
1.145212
0.897598
0.626873
0.824200
1.336345
0.422627
1.024286
0.957752
1.009548
0.742609
1.139229
0.798848
1.112114
1.045941
0.695615
1.346649
0.352515
0.905369
1.118248
0.987241
0.441252
0.717922
1.316968
0.434766
1.001190
1.012953
1.060879
0.442558
0.837819
1.203712
0.772768
1.131370
1.039434
0.470821
0.994245
0.780360
1.241048
0.806926
0.613818
0.697369
1.260921
0.350328
0.871550
1.183965
0.839740
0.648268
0.775618
1.316707
0.367475
0.935016
1.074497
0.976596
0.545006
0.818049
1.296765
0.582451
1.079564
1.090904
0.607976
1.165608
0.898321
0.521814
0.726757
1.314389
0.419697
0.992783
1.015890
1.040146
0.484384
0.853436
1.206419
0.782275
1.114017
1.051353
0.447572
0.907841
1.051098
1.115814
0.724136
1.058887
1.223776
0.340182
0.928200
0.943474
1.173152
0.834050
1.052154
0.939817
1.110088
1.000160
0.511342
0.938010
1.102358
0.814519
1.352538
0.418789
0.894955
1.080820
1.155911
0.305906
0.737667
1.329103
0.458033
0.975378
1.050248
1.127196
0.312153
0.743356
1.266548
0.627669
1.029760
1.068227
1.058123
0.474061
1.006459
0.950239
0.766873
1.136174
0.694990
1.225033
0.764126
0.815905
1.072487
1.053944
0.757155
1.392717
0.288280
0.805605
1.214030
0.871453
0.579367
0.792921
1.365879
0.324557
0.892904
1.111645
0.958590
0.538610
0.792596
1.324495
0.465623
1.058332
0.947506
0.982880
0.812013
1.204692
0.721187
0.961438
1.047179
1.211789
0.452770
0.992824
1.101212
0.715180
1.077867
1.188033
0.299108
0.779435
1.266489
0.595188
1.062893
1.017070
1.055826
0.532151
1.012502
1.071318
0.546254
1.109559
0.591768
1.068765
1.036720
0.677224
1.340734
0.316711
0.835935
1.192368
0.916312
0.501301
0.726202
1.340992
0.344514
0.900925
1.120421
0.965522
0.484528
0.737768
1.318626
0.437901
1.012919
0.995873
1.048631
0.502395
0.899881
1.146194
0.828549
1.248988
0.609775
0.918387
1.013162
1.293653
0.273648
0.804299
1.199674
0.789514
0.843999
1.011167
1.289782
0.397521
1.024794
0.914481
0.897604
1.251929
0.761425
0.731869
0.921643
1.308875
0.443931
1.132989
0.632007
1.097872
1.158454
0.243541
0.651678
1.289661
0.519511
0.978164
1.060200
1.159929
0.286460
0.759761
1.221305
0.760013
0.923083
1.121882
1.076455
0.497533
1.131770
0.570089
1.036435
1.083619
0.756786
1.230123
0.620641
1.146048
0.901044
0.988358
1.042739
0.801209
1.210183
0.719813
1.226732
0.807122
0.798668
1.177445
0.621587
1.195483
0.790702
0.803996
1.143777
0.667344
1.240872
0.665052
0.897243
1.055793
1.234325
0.346677
0.975995
0.785568
1.235753
0.789345
0.817195
1.183646
0.642377
1.184422
0.875536
0.679071
1.099878
0.643512
1.175293
0.777597
0.849117
1.113122
0.890543
1.253819
0.555549
0.906900
1.010987
1.279779
0.266717
0.757519
1.274666
0.627748
0.939089
1.026686
1.272093
0.291917
0.843242
1.138747
0.888986
0.791061
1.060064
1.163166
0.573459
1.183770
0.748804
0.887159
1.122702
0.987420
0.839408
1.224694
0.591393
1.216834
0.671451
0.961295
1.197566
0.600757
1.265597
0.555434
0.935201
1.077601
1.206573
0.258371
0.751913
1.214435
0.789847
0.852181
1.073794
1.189472
0.409576
1.075404
0.623604
1.080388
1.113590
0.329657
0.752575
1.299972
0.524791
1.044742
1.003581
1.084381
0.441897
0.922655
1.093322
0.766315
1.264627
0.757146
0.705322
0.815704
1.349169
0.289844
0.819053
1.215161
0.800320
0.709809
0.836226
1.346185
0.331294
0.901065
1.099025
0.953211
0.588289
0.841343
1.317881
0.510232
1.091630
0.973722
0.755097
1.185923
0.934086
0.543307
0.939852
1.042294
1.031630
1.063067
0.450701
0.929156
1.072508
0.785781
1.289829
0.645116
0.839587
0.910858
1.315094
0.297326
0.808686
1.243821
0.704728
0.854294
0.950983
1.332896
0.311582
0.877000
1.118134
0.910461
0.707681
0.947909
1.291116
0.525086
1.108777
1.005354
0.479095
0.993441
0.709575
1.157750
0.894304
0.577229
0.762415
1.328140
0.388320
0.968085
1.028709
1.030147
0.502411
0.843620
1.249431
0.690256
1.132751
1.074951
0.414176
0.991805
0.683386
1.155321
0.863477
0.627318
0.773151
1.315123
0.403802
0.979147
1.028188
1.007585
0.544807
0.875517
1.212044
0.799873
1.014014
1.264649
0.307339
0.840986
1.160849
0.836170
0.916371
1.167380
0.903734
0.918216
1.149676
0.836486
1.261600
0.503850
0.972762
1.064016
1.141839
0.294079
0.746536
1.242644
0.702862
0.976465
1.113866
1.060074
0.483770
1.076986
0.715384
1.007135
1.139493
0.705714
1.336348
0.434547
0.959390
1.063977
1.111358
0.313771
0.718309
1.289577
0.556181
1.026849
1.040190
1.098346
0.390288
0.898279
1.061159
0.924328
1.197875
0.777038
0.710132
0.827755
1.344366
0.334189
0.904359
1.096071
0.958053
0.578180
0.834455
1.316653
0.513596
1.091142
0.977715
0.760887
1.173858
0.982082
0.476017
0.919519
1.014398
1.124894
0.901456
0.626586
1.046790
0.659646
1.114360
0.903279
0.720882
1.036754
1.001933
1.150718
0.582098
0.950517
1.089516
1.133707
0.399996
1.031148
0.653669
1.119014
1.032945
0.354720
0.666127
1.306709
0.428875
0.966806
1.063711
1.070712
0.353011
0.725907
1.277957
0.594902
1.042153
1.064501
0.998027
0.540985
1.033945
0.836202
1.008060
1.152109
0.636010
1.245322
0.587227
1.041076
1.053272
1.015051
0.557639
1.064253
0.883830
0.766759
0.999165
1.135395
0.959246
0.580366
1.089928
0.697256
1.067578
1.094176
0.672595
1.350606
0.352056
0.886742
1.139208
0.999307
0.402811
0.696897
1.325307
0.397902
0.953814
1.065841
1.046825
0.392024
0.735748
1.289864
0.558753
1.059371
1.031129
0.971487
0.624922
1.072200
0.840351
0.945209
1.112953
0.948091
1.108730
0.493168
0.973462
1.104973
0.750860
1.041810
1.192910
0.386517
0.907021
1.146710
0.690960
1.233485
0.785399
0.785527
1.101129
0.890017
1.095542
1.123106
0.284157
0.676851
1.308391
0.472422
0.982754
1.051422
1.121845
0.313536
0.748384
1.249721
0.679582
1.008629
1.107976
1.011623
0.547295
1.096541
0.762678
0.914077
1.074196
1.081309
0.885831
0.688551
1.086921
0.673388
1.158132
0.886034
0.682466
1.042811
0.887583
1.283158
0.660487
0.787272
0.842524
1.290837
0.318966
0.822367
1.244381
0.706511
0.834816
0.922740
1.333213
0.311856
0.866169
1.146862
0.867226
0.727333
0.917442
1.326583
0.454963
1.055247
0.976413
0.777567
1.166336
1.047478
0.299308
0.615357
1.287508
0.417579
0.944621
1.092204
1.053787
0.343367
0.682268
1.293843
0.503542
1.013810
1.038893
1.083704
0.377533
0.833082
1.143014
0.916544
0.940138
1.301005
0.358133
0.985175
0.823300
1.255516
0.628707
1.266979
0.630228
0.960338
1.183090
0.717529
1.195813
0.948346
0.437439
0.710882
1.320506
0.414501
0.990431
1.008266
1.070208
0.443374
0.834920
1.226410
0.709434
1.169045
0.962679
0.597457
1.155153
0.458242
0.972401
1.079212
0.836576
0.903235
1.154235
0.723557
1.295132
0.553391
0.983728
1.047759
1.189519
0.293884
0.805890
1.174870
0.840816
0.876830
1.144374
0.994976
0.700974
1.268325
0.471519
1.099674
0.789062
1.144690
0.858893
1.110109
1.017738
0.583927
1.143197
0.567316
1.101214
0.935062
0.814826
1.365819
0.276637
0.790372
1.253168
0.735537
0.768675
0.873698
1.352950
0.294131
0.837084
1.185840
0.830481
0.713699
0.864771
1.346486
0.371430
0.971132
0.993212
1.036249
0.633115
1.013197
1.068602
0.863476
1.278755
0.376329
0.910631
1.135254
0.915604
0.552404
0.749474
1.312708
0.436551
1.008532
1.008781
1.017330
0.543563
0.913679
1.123376
0.939761
1.019773
0.791693
1.136830
1.033313
0.502788
0.984636
1.036715
0.752711
1.307488
0.415719
0.944506
1.089733
1.048207
0.362225
0.705324
1.299260
0.508083
1.029067
1.024329
1.064969
0.426997
0.884115
1.094186
0.927775
1.158321
0.735118
0.844135
0.968642
1.316472
0.412364
1.018279
0.976177
0.878012
1.075102
1.180597
0.309387
0.775851
1.285411
0.562384
1.040716
1.023037
1.098775
0.420720
0.930009
1.074022
0.775410
1.246523
0.811190
0.628974
0.761876
1.337145
0.307428
0.843151
1.191906
0.849811
0.633584
0.784818
1.335457
0.352048
0.923742
1.078494
0.983433
0.533032
0.811506
1.305671
0.545241
1.094137
1.010013
0.731034
1.155051
1.021330
0.435815
0.902589
1.053445
1.018795
1.070262
0.574101
1.021355
1.114483
0.613092
1.305899
0.394840
0.898545
1.122834
1.075064
0.305369
0.648006
1.307880
0.422324
0.947122
1.083996
1.079494
0.323676
0.689310
1.296594
0.510967
1.012873
1.039055
1.099700
0.361410
0.830242
1.146534
0.897465
0.958087
1.286961
0.405643
1.084165
0.627926
1.142308
1.003230
0.361225
0.649962
1.290710
0.444649
0.981982
1.052849
1.064921
0.372244
0.756096
1.249940
0.694982
1.012530
1.162076
0.805006
0.910297
1.354834
0.262667
0.773630
1.259045
0.683717
0.868507
0.971751
1.332210
0.293160
0.850833
1.143449
0.885370
0.728576
0.953425
1.304961
0.470276
1.095470
0.909975
0.710463
1.197263
0.444572
0.980906
1.033912
0.912484
0.886855
1.200233
0.592126
1.181614
0.716818
0.965824
1.175741
0.680290
1.343245
0.445004
0.913798
1.073087
1.180604
0.266328
0.690235
1.316323
0.482807
0.963185
1.058585
1.164354
0.278363
0.724241
1.276600
0.603225
0.999655
1.057709
1.156660
0.345638
0.897079
1.039680
0.984028
1.047394
1.049318
0.455929
0.893381
1.104746
0.968628
0.968527
0.987972
0.915833
1.229007
0.554043
1.188387
0.693646
0.997040
1.277475
0.305057
0.838532
1.171012
0.817045
0.890306
1.098807
1.118872
0.569149
1.121264
1.001163
0.387657
0.704516
1.283937
0.554861
1.040768
1.052423
0.991223
0.538606
0.999560
0.852495
1.149244
1.042877
0.393451
0.775542
1.351870
0.382573
0.951188
1.055914
1.046447
0.416607
0.762833
1.288713
0.572156
1.085002
1.015212
0.888634
0.873888
1.243671
0.697260
0.870818
1.026316
1.266975
0.386453
1.053887
0.696117
1.138484
1.084116
0.286628
0.648497
1.307257
0.433742
0.959268
1.071935
1.089180
0.323132
0.705521
1.287191
0.555975
1.026221
1.046388
1.082704
0.400696
0.902610
1.037834
0.987236
1.155998
0.686080
0.862118
0.992268
1.295459
0.429162
1.050570
0.927789
0.814742
1.249900
0.708717
0.837410
1.000037
1.315037
0.311290
0.912594
0.966754
1.197904
0.519347
1.114035
0.781603
0.983315
1.241600
0.386966
0.918736
1.137950
0.688316
1.180563
0.899610
0.742145
1.270879
0.396879
0.970891
1.010170
1.022232
0.616123
0.983004
1.102513
0.882099
1.149458
0.545693
1.029752
1.056261
0.794804
1.058014
1.265550
0.223080
0.664365
1.304294
0.512851
0.949703
1.059180
1.205870
0.254151
0.714840
1.276548
0.609961
0.971755
1.053313
1.210999
0.307083
0.860636
1.085998
0.983477
0.794001
1.239973
0.662530
1.231246
0.767865
0.815992
1.123443
0.801134
1.290260
0.692465
0.761891
0.834957
1.320093
0.293828
0.802457
1.246788
0.729060
0.791733
0.886313
1.341547
0.306757
0.855441
1.164720
0.852185
0.709727
0.877900
1.341101
0.407152
1.014223
0.960805
0.985170
0.841873
1.210800
0.634721
1.184288
0.837538
0.925045
1.366711
0.261447
0.783282
1.242485
0.719952
0.843148
0.957327
1.340009
0.310964
0.888160
1.085009
0.969408
0.656962
0.965309
1.241004
0.579582
1.213579
0.690663
0.928528
1.124846
0.978129
0.856067
1.173973
0.726056
1.305113
0.590651
0.908099
1.021601
1.299937
0.244881
0.743787
1.260585
0.671047
0.907157
1.015877
1.298286
0.300844
0.874266
1.083370
0.981431
0.698059
1.063704
1.072398
0.714968
1.339009
0.350754
0.886085
1.155040
0.940798
0.479645
0.708437
1.319768
0.385295
0.948035
1.067516
1.022103
0.437875
0.754896
1.292133
0.562765
1.070953
1.034927
0.883760
0.824268
1.230505
0.557800
1.065360
1.026423
0.851560
1.010300
1.252528
0.495912
1.194829
0.567807
1.017765
1.129986
0.690498
1.300891
0.524599
0.943294
1.040410
1.232951
0.264457
0.743971
1.272865
0.623423
0.965274
1.045697
1.229822
0.309630
0.870789
1.084542
0.962971
0.820689
1.212088
0.742727
1.236026
0.708822
0.896509
1.057279
1.218361
0.405099
1.072101
0.669413
1.085098
1.168148
0.255590
0.655778
1.309763
0.464642
0.951642
1.071684
1.148514
0.274400
0.695127
1.291809
0.547815
0.995886
1.050808
1.156865
0.312631
0.819624
1.149103
0.894380
0.866767
1.233447
0.707002
1.199952
0.824855
0.759176
1.001945
1.208884
0.604298
1.221602
0.690940
0.924555
1.091516
1.134069
0.485188
1.143017
0.622892
0.989359
1.128357
0.857575
1.124128
0.673668
1.116019
0.991578
0.790309
1.344218
0.314056
0.841004
1.215200
0.796013
0.699949
0.813217
1.334653
0.330482
0.888856
1.127199
0.916518
0.606563
0.817209
1.328744
0.453861
1.045149
0.968179
0.947451
0.850736
1.214076
0.599756
1.126931
0.921212
0.934968
1.157989
0.616066
1.144018
0.837081
0.868721
1.179640
0.728442
1.346051
0.481300
0.908148
1.045690
1.234580
0.256740
0.705443
1.312240
0.517302
0.955230
1.049030
1.210687
0.265515
0.738788
1.268451
0.632102
0.973324
1.054192
1.208225
0.326622
0.896829
1.041039
0.996059
0.923663
1.260041
0.450946
1.103751
0.696052
1.131042
1.118960
0.262657
0.643490
1.307165
0.441906
0.953908
1.076793
1.107512
0.300627
0.692681
1.291705
0.537224
1.010492
1.046563
1.119061
0.345724
0.841134
1.121165
0.935572
0.926898
1.296629
0.410497
1.081256
0.664093
1.165805
0.966678
0.433449
0.730721
1.334186
0.400515
0.976461
1.021900
1.066555
0.430296
0.807509
1.254383
0.661302
1.129152
1.032920
0.637311
1.281594
0.370748
0.919758
1.111683
0.948172
0.524226
0.757758
1.311072
0.479230
1.040434
1.003087
0.973064
0.653753
1.042890
0.869644
1.180145
0.948863
0.513777
0.850113
1.332309
0.370924
0.972282
0.961690
1.116346
0.544515
1.001437
1.076320
0.686405
1.288597
0.473512
0.961466
1.065130
1.142428
0.288005
0.719493
1.278428
0.595093
1.010179
1.058357
1.128582
0.365302
0.907460
1.024688
0.983958
1.136404
0.828164
0.684665
0.868767
1.297391
0.596901
1.014748
1.170221
0.640346
1.167090
0.993703
0.374827
0.692738
1.291532
0.513044
1.041425
1.016820
1.027725
0.508960
0.954481
1.004712
0.974607
1.243709
0.400178
0.973210
1.022033
0.972921
0.708703
1.044412
0.986498
1.149370
0.680008
0.882895
1.017132
1.268986
0.446622
1.062256
0.944779
0.700646
1.196115
0.537805
1.025869
1.053560
0.969818
0.596857
1.054712
0.710277
1.151823
0.958031
0.571397
0.997101
0.968655
1.069577
1.117574
0.298997
0.711185
1.275002
0.600245
1.015745
1.064778
1.099147
0.394453
0.934048
0.976564
1.009418
1.211633
0.553522
0.953882
1.103417
1.091436
0.394538
0.967475
0.743670
1.207284
0.807548
0.658757
0.756549
1.299296
0.352360
0.902015
1.125860
0.915123
0.592403
0.795137
1.322199
0.457569
1.036090
0.990597
0.958356
0.738365
1.110176
0.768396
1.218152
0.859574
0.691957
1.050568
0.977395
0.868505
1.352307
0.306345
0.851180
1.183560
0.817871
0.736549
0.879369
1.344571
0.376116
0.976842
0.990103
1.022907
0.676325
1.053521
0.991742
1.003758
1.094172
0.434091
0.887550
1.118830
0.910562
1.075755
0.953896
0.643574
0.940225
1.207104
0.759579
1.033618
1.257550
0.299028
0.817603
1.228258
0.655288
1.048184
1.044782
1.066660
0.555904
1.022959
1.119705
0.490625
1.106557
0.591909
1.079880
1.039878
0.547421
1.127700
0.526900
1.048891
0.987081
0.807579
1.298496
0.499770
1.130401
0.787351
1.110933
0.935986
0.975988
1.205403
0.510453
1.203253
0.506068
0.996441
1.113849
0.818131
0.901213
1.318708
0.277086
0.761893
1.287848
0.624731
0.889458
0.979417
1.316713
0.274542
0.794468
1.232439
0.725997
0.865856
0.982849
1.322510
0.331506
0.925191
1.028119
1.009967
0.725901
1.111177
0.934175
1.032075
1.042054
0.523621
0.914321
1.152250
0.856920
1.094061
0.861331
1.014756
1.138587
0.735814
1.344685
0.396948
0.924175
1.100519
1.065541
0.338749
0.693459
1.313854
0.456860
0.991587
1.039451
1.094741
0.352012
0.771501
1.236479
0.715526
1.026442
1.152757
0.798636
0.973105
1.273219
0.454658
1.142223
0.593880
1.066297
1.140270
0.336517
0.821739
1.185938
0.800493
1.018162
1.214718
0.562491
1.279628
0.437903
0.947655
1.101150
1.062594
0.316568
0.660771
1.284143
0.514964
1.005848
1.051267
1.096592
0.352191
0.817784
1.146100
0.935253
0.829059
1.332326
0.431584
1.079288
0.796041
1.128351
0.908613
1.109481
0.904704
0.684378
0.994974
1.087004
0.956478
0.891754
1.020773
1.234786
0.417240
1.039352
0.849342
0.984460
1.301818
0.312325
0.891050
1.017747
1.150497
0.510480
1.071609
0.853846
0.972343
1.280128
0.324982
0.839437
1.243634
0.605127
1.015998
1.036596
1.161076
0.382325
0.934156
1.067577
0.811477
1.131359
1.053133
0.484246
0.979028
1.037564
0.765748
1.322822
0.413275
0.932885
1.094760
1.073670
0.332396
0.696213
1.309593
0.475328
1.002019
1.034549
1.099469
0.355043
0.794037
1.207368
0.779690
1.006306
1.209295
0.647101
1.227006
0.654123
1.064129
1.059955
0.926687
0.874895
1.096634
1.153911
0.342017
0.875370
1.029208
1.184271
0.544744
1.268519
0.416435
0.927820
1.121883
1.035514
0.330331
0.633809
1.282789
0.454171
0.977116
1.063766
1.075264
0.345529
0.735348
1.257154
0.668557
1.007719
1.127156
0.947130
0.619130
1.153711
0.490380
1.013972
1.022968
0.861682
1.020383
1.269056
0.262153
0.728241
1.304421
0.550903
0.953408
1.039341
1.236423
0.268666
0.766686
1.242078
0.696730
0.940842
1.055050
1.229905
0.359612
0.962341
0.965319
0.962113
1.169585
0.917590
0.493988
0.757551
1.290817
0.572967
1.053785
1.080521
0.825505
0.867192
1.278516
0.332176
0.838922
1.222466
0.713344
0.897380
1.001826
1.300851
0.348928
0.943425
1.023721
0.961931
0.851114
1.178882
0.757956
1.317628
0.560279
0.899638
1.014526
1.299766
0.239970
0.717110
1.289420
0.599755
0.925555
1.023355
1.283974
0.265715
0.786222
1.218186
0.755560
0.873778
1.021947
1.284921
0.371283
0.992490
0.929259
0.978213
1.155707
0.942729
0.497730
0.883930
1.011514
1.262790
0.468944
1.027516
1.082083
0.570148
1.157246
0.749672
0.814443
0.974420
1.271437
0.575114
1.052345
1.175425
0.376678
0.974984
0.842265
1.191568
0.965716
0.503246
0.977727
0.816190
1.248427
0.800190
0.620919
0.701973
1.262371
0.347872
0.868114
1.187952
0.833191
0.657050
0.780265
1.317679
0.363234
0.929659
1.080712
0.969331
0.552813
0.817336
1.301963
0.564735
1.079102
1.069894
0.654087
1.146820
1.032447
0.324720
0.637424
1.296525
0.423093
0.956236
1.076975
1.063060
0.348011
0.704925
1.287988
0.548455
1.032528
1.043786
1.054494
0.437799
0.922491
1.008473
1.020332
1.170186
0.504757
0.985923
1.110636
0.894282
0.708730
1.159734
0.459861
0.940242
1.149504
0.694039
1.048133
1.083079
0.873231
1.135139
0.537873
1.001688
1.099055
0.650364
1.186465
0.896608
0.497224
0.682647
1.293927
0.398245
0.956402
1.064191
1.014315
0.453154
0.766540
1.282313
0.606178
1.061921
1.097187
0.767099
0.981946
1.322575
0.257846
0.762646
1.259377
0.662547
0.928796
1.028636
1.276344
0.310060
0.886931
1.065189
0.989372
0.752998
1.148579
0.879552
1.057807
1.061169
0.478823
0.886496
1.192359
0.760455
1.184660
0.865896
0.688291
0.942653
1.263770
0.550495
1.215542
0.665405
0.915595
1.133559
0.901791
1.120928
0.754333
0.946679
1.057165
1.162541
0.646217
0.921313
1.157835
0.736007
1.328433
0.515983
0.924475
1.035031
1.248511
0.257983
0.726207
1.295388
0.570464
0.957208
1.039340
1.238805
0.275067
0.789461
1.209601
0.767077
0.899566
1.066444
1.210479
0.424291
1.047566
0.898920
0.769069
1.174657
0.520143
1.039309
0.988654
0.818250
1.268127
0.734872
0.775774
0.942142
1.369506
0.268891
0.817517
1.179224
0.845093
0.737030
0.926241
1.337611
0.399560
1.031011
0.891835
1.017347
1.056853
1.092883
0.545144
1.030640
1.101235
0.529374
1.165957
0.501581
1.001108
1.085142
0.866792
0.803030
1.221351
0.392568
0.869990
1.241988
0.634813
0.940776
1.017187
1.274008
0.313773
0.879792
1.099084
0.921730
0.800230
1.097063
1.053892
0.791740
1.108546
0.977081
1.056070
0.764580
0.968533
1.118431
0.876531
1.254051
0.405370
0.927018
1.120016
0.980879
0.429760
0.692263
1.298833
0.458037
1.005817
1.028538
1.050036
0.431178
0.829986
1.182649
0.855362
0.982072
1.296267
0.324900
0.927721
0.917955
1.260813
0.509755
1.182672
0.618210
1.025898
1.191840
0.414516
1.009127
0.824658
1.187527
1.008925
0.350654
0.673947
1.312810
0.420469
0.975706
1.042788
1.068532
0.384974
0.763625
1.263332
0.647825
1.064600
1.096917
0.811737
0.945042
1.286506
0.489064
1.203516
0.529156
1.021277
1.138106
0.538291
1.200037
0.574880
0.952530
1.103323
1.091573
0.419909
1.026839
0.619741
1.101473
0.966435
0.506404
0.790430
1.299522
0.555506
1.089233
1.020527
0.767719
1.096771
1.170746
0.358352
0.962362
0.793357
1.244572
0.797173
0.660152
0.816040
1.359042
0.319202
0.889617
1.104864
0.960443
0.568527
0.831452
1.323582
0.485739
1.089241
0.922557
0.886465
1.140944
1.045408
0.606228
1.174777
0.719200
1.078269
1.184783
0.408111
1.086782
0.537876
1.050642
1.044229
0.465578
0.912766
1.027108
1.161528
0.717202
0.961715
1.311906
0.265144
0.749572
1.287641
0.614532
0.910811
1.003026
1.301636
0.272412
0.796211
1.219725
0.748528
0.867701
1.002472
1.305514
0.358847
0.970601
0.966324
0.999670
0.968565
1.225249
0.437882
1.042476
0.856651
1.073187
1.118952
0.634880
1.315042
0.382607
0.913594
1.121044
1.018293
0.374304
0.673659
1.306996
0.429265
0.973293
1.055156
1.066192
0.369114
0.743556
1.268306
0.632449
1.045699
1.094721
0.905452
0.720369
1.194461
0.556871
1.068952
1.016738
0.817305
1.112314
1.092509
0.569598
1.274345
0.368441
0.893737
1.149299
0.969881
0.417053
0.655580
1.292484
0.398735
0.943366
1.087951
1.018784
0.405222
0.713201
1.295568
0.517242
1.038849
1.026394
1.021138
0.503163
0.945684
0.996028
1.045730
1.140280
0.395063
0.956516
0.955216
1.023492
1.191992
0.609567
0.939694
1.145808
0.850805
1.196082
0.644607
0.955152
1.034215
1.245049
0.352070
0.941605
1.016812
0.943414
1.005595
1.189594
0.460856
1.057610
0.804836
1.088536
1.215389
0.224968
0.628595
1.301712
0.461576
0.939653
1.082364
1.151193
0.260592
0.668758
1.296198
0.515745
0.980718
1.055999
1.159824
0.289383
0.762124
1.224345
0.747383
0.942764
1.121774
1.067725
0.507243
1.123195
0.646753
1.008552
1.120556
0.836950
1.179268
0.543905
1.030773
1.054058
0.881882
0.820601
1.235807
0.414174
0.942713
1.094510
0.830434
0.959404
1.141948
0.843195
1.265031
0.426623
0.932940
1.113195
1.032772
0.354815
0.672525
1.298535
0.467382
0.997463
1.041688
1.080300
0.367491
0.785456
1.214237
0.782986
0.975284
1.240873
0.612227
1.208007
0.774752
0.787697
1.002057
1.228473
0.568066
1.198668
0.746840
0.812370
1.015529
1.205182
0.627329
1.159240
0.969538
0.448228
0.768281
1.300501
0.539587
1.086457
0.988544
0.885851
0.936805
1.259055
0.613370
0.969432
1.121276
0.973720
0.698499
1.331998
0.291031
0.803812
1.229361
0.821303
0.639806
0.785081
1.348286
0.314104
0.864434
1.159253
0.890713
0.602932
0.788904
1.334465
0.392754
0.982641
1.001016
1.041582
0.545920
0.914412
1.181791
0.762429
1.256590
0.597720
0.971321
1.048139
1.217115
0.305690
0.859661
1.088706
0.982214
0.773851
1.211418
0.729222
1.191944
0.895548
0.614035
0.952135
1.092133
0.977659
0.951155
0.802002
1.196830
0.774926
0.815000
0.930132
1.331267
0.379925
0.974515
1.012007
0.963946
0.769786
1.095718
0.910361
1.227837
0.632423
0.871487
0.970059
1.328774
0.275389
0.805454
1.211958
0.770096
0.827078
0.966072
1.330407
0.357538
0.967754
0.972385
1.026369
0.827467
1.235028
0.627860
1.203242
0.796652
0.953341
1.361619
0.258891
0.787811
1.224649
0.754031
0.829966
0.964137
1.335574
0.338521
0.942279
0.993865
1.054149
0.701429
1.140303
0.846730
1.074440
1.144378
0.405461
0.991314
0.796721
1.223738
0.911643
0.440153
0.616037
1.257619
0.371452
0.899740
1.148117
0.930216
0.494325
0.695350
1.298844
0.405352
0.963832
1.057559
1.021572
0.446513
0.771788
1.273688
0.636113
1.055283
1.130646
0.706336
1.068027
1.252391
0.225403
0.674179
1.303761
0.519489
0.956336
1.055936
1.204241
0.260521
0.730332
1.264790
0.643215
0.968280
1.059274
1.205832
0.331293
0.908955
1.012717
1.029387
0.949810
1.206742
0.408121
0.989280
0.913059
1.113693
0.900696
1.195026
0.563659
0.960647
1.064494
1.188006
0.293548
0.816775
1.129229
0.976380
0.671983
1.124375
0.854318
0.976813
1.322662
0.294986
0.862949
1.087066
1.012170
0.628454
1.045569
1.053064
0.696628
1.349058
0.334048
0.863714
1.165066
0.956946
0.451731
0.708788
1.332129
0.370120
0.929012
1.089624
1.010021
0.432376
0.732139
1.306090
0.494419
1.044823
0.998732
1.020118
0.554135
0.980381
0.999645
0.933603
1.272732
0.406989
0.997469
0.959113
1.039047
0.766697
1.209337
0.679206
1.120676
0.986669
0.919849
1.040547
0.823535
1.211251
0.705572
1.139600
0.980254
0.833503
1.265653
0.407980
0.936493
1.136964
0.742901
0.963658
1.079920
1.095346
0.717593
0.921205
1.209708
0.467032
0.966686
1.132770
0.604518
1.168713
0.815931
0.795308
1.146161
0.655874
1.238351
0.644237
0.924956
1.078312
1.180827
0.372332
1.005572
0.703446
1.177700
0.933807
0.442325
0.647000
1.283253
0.383690
0.926862
1.107117
0.986184
0.441795
0.709991
1.302260
0.471812
1.021088
1.016923
1.038560
0.473628
0.884144
1.116500
0.941236
1.064329
0.791038
0.997558
1.111292
0.871430
1.240692
0.403576
0.929150
1.119738
0.932410
0.532800
0.750912
1.304315
0.490503
1.035861
1.025026
0.961328
0.625955
1.010599
0.880692
1.235795
0.830018
0.597298
0.738240
1.327179
0.317731
0.854556
1.181869
0.870054
0.600011
0.763033
1.328852
0.361509
0.931864
1.073601
0.992071
0.511920
0.798153
1.301090
0.555990
1.089378
1.026119
0.743568
1.114950
1.137598
0.334828
0.862194
1.068942
1.047216
0.838645
1.266750
0.393999
0.930342
1.116634
0.859547
0.747342
0.934530
1.286554
0.605657
0.979539
1.198346
0.593107
1.230289
0.699876
0.834478
1.033952
1.202813
0.502656
1.223991
0.448882
0.953528
1.125867
0.948082
0.479445
0.754982
1.275231
0.630825
1.014370
1.148003
0.810780
0.857324
1.298827
0.292508
0.769293
1.290667
0.630369
0.869017
0.953379
1.321958
0.279840
0.794042
1.244151
0.705385
0.865577
0.969696
1.329037
0.312981
0.887196
1.092024
0.948886
0.694150
0.985254
1.228016
0.599667
1.181490
0.835894
0.718785
0.992486
1.149905
0.795545
1.061173
1.111715
0.647036
1.303317
0.456982
0.983939
1.054077
1.086015
0.343696
0.748481
1.248955
0.690868
1.008371
1.139965
0.902689
0.723627
1.243091
0.411307
0.990030
0.955662
1.080325
0.675112
1.151778
0.791548
1.014371
1.154088
0.753040
1.294363
0.417350
0.929586
1.118861
1.018170
0.371291
0.674947
1.301477
0.452886
0.991784
1.042169
1.073010
0.375141
0.776719
1.231303
0.741663
1.005620
1.205761
0.667116
1.155921
0.980513
0.471635
0.816734
1.304968
0.507427
1.119256
0.860893
0.972336
1.151880
0.809713
1.255455
0.486682
0.990825
1.059933
1.065253
0.372315
0.786122
1.198137
0.853052
0.832841
1.248796
0.586783
1.162654
0.904418
0.647016
1.142697
0.449381
0.927900
1.160557
0.713488
0.979858
1.083884
1.075422
0.697824
0.982328
1.242178
0.342604
0.819615
1.297647
0.523816
0.985415
1.039176
1.181216
0.298602
0.793207
1.209135
0.757319
0.962727
1.119492
1.047546
0.579937
1.122187
0.937914
0.490034
0.731254
1.295593
0.516277
1.044826
1.031361
0.954587
0.635436
1.044143
0.797130
1.199226
0.918315
0.551473
0.861951
1.337928
0.352963
0.948684
0.991648
1.094819
0.546381
0.980626
1.124156
0.660793
1.313625
0.463561
0.926022
1.071777
1.183827
0.257236
0.682885
1.306886
0.505197
0.968668
1.055583
1.176516
0.275863
0.739531
1.257540
0.658702
0.982510
1.073847
1.157466
0.375767
0.960070
0.949853
0.966404
1.255282
0.619557
0.885528
1.020849
1.301708
0.283698
0.852536
1.078322
1.060244
0.538035
0.986808
1.127003
0.577568
1.224786
0.485983
0.973227
1.095021
1.034134
0.378373
0.766329
1.202459
0.879121
0.693190
1.081922
0.877837
1.053462
1.221887
0.280738
0.767183
1.272298
0.588575
1.031697
1.033396
1.123801
0.403295
0.935709
1.068075
0.778561
1.209033
0.912779
0.510228
0.762996
1.363509
0.330800
0.892623
1.122536
0.956645
0.510467
0.759617
1.324205
0.438690
1.024064
0.974511
1.044710
0.566364
0.972782
1.066062
0.841430
1.332948
0.425265
0.956528
1.064265
1.100986
0.327663
0.726336
1.291268
0.551514
1.037488
1.030842
1.077496
0.427301
0.923967
1.048730
0.868111
1.289701
0.649670
0.807875
0.864874
1.292861
0.319212
0.823361
1.244693
0.697013
0.854566
0.943553
1.329986
0.311436
0.869969
1.135821
0.881271
0.730504
0.939859
1.310017
0.487689
1.076681
1.004297
0.602859
1.155361
0.659504
0.954201
1.065171
1.180534
0.452296
1.046205
0.975917
0.605863
1.068079
0.680811
1.138678
0.953899
0.617310
1.091048
0.680737
1.211768
0.793878
0.740033
0.972676
1.246784
0.487695
1.192522
0.521863
1.005539
1.136099
0.642631
1.256968
0.667817
0.827265
0.931896
1.349574
0.280748
0.821297
1.191698
0.814343
0.765523
0.923315
1.342799
0.376899
0.991968
0.950561
1.030389
0.829497
1.238348
0.626325
1.145555
0.911088
0.978092
1.035012
0.842100
1.225733
0.663027
1.246922
0.730101
0.904509
1.251752
0.487349
1.100963
0.814865
0.984332
1.334457
0.244009
0.733707
1.291842
0.591487
0.931989
1.025050
1.276771
0.267013
0.784434
1.222552
0.744164
0.886899
1.027827
1.278342
0.367563
0.984936
0.940785
0.974486
1.142974
0.975377
0.451548
0.840944
1.104939
1.138299
0.436536
1.120055
0.472816
0.985148
1.096926
0.650425
1.206923
0.817538
0.625019
0.757513
1.318337
0.366800
0.939373
1.060329
1.000819
0.522975
0.823280
1.289562
0.597030
1.106719
1.060961
0.564431
1.196071
0.535740
1.045786
1.032119
0.922520
0.787136
1.232345
0.568816
1.021655
1.062765
1.041353
0.465538
0.983343
0.848741
1.138294
1.088329
0.317970
0.697639
1.332234
0.420364
0.955305
1.069717
1.086984
0.332395
0.713766
1.292683
0.541544
1.032286
1.033705
1.077882
0.414632
0.904515
1.058411
0.924687
1.230786
0.676381
0.808151
0.887782
1.330141
0.300810
0.833108
1.201227
0.790060
0.773863
0.902641
1.344506
0.356685
0.952004
1.015723
1.014270
0.657121
1.013653
1.094426
0.849959
1.183882
0.518639
1.022955
1.048783
0.813497
1.013010
1.265993
0.269443
0.719993
1.321607
0.507919
0.941749
1.045716
1.221795
0.263347
0.730220
1.286726
0.585754
0.972985
1.045016
1.217871
0.294182
0.828269
1.147858
0.881051
0.837980
1.135350
0.998765
0.747770
1.271017
0.492825
1.117830
0.782310
1.091014
1.095188
0.535263
1.104910
0.774677
1.031202
1.201260
0.449906
1.070192
0.720281
1.151251
1.065037
0.297813
0.625165
1.299481
0.403416
0.927065
1.106761
1.051922
0.336355
0.666224
1.301493
0.456156
0.984232
1.051487
1.088468
0.344544
0.751909
1.248590
0.690148
1.014711
1.137598
0.892192
0.750929
1.256137
0.425826
1.030871
0.865057
1.146068
0.755969
1.283616
0.684527
0.822748
0.956855
1.364944
0.254845
0.783520
1.224920
0.761705
0.809694
0.945437
1.344480
0.334724
0.934839
1.006693
1.054549
0.646288
1.065066
1.000643
0.853873
1.361587
0.316625
0.883343
1.117160
0.946614
0.572163
0.820822
1.328806
0.463934
1.068934
0.925687
0.956147
0.976544
1.239216
0.584276
0.964460
1.074601
1.164176
0.345760
0.934580
0.865169
1.244327
0.776008
0.890820
1.336140
0.312719
0.862521
1.159565
0.858691
0.696707
0.864707
1.339123
0.412771
1.015262
0.969080
0.979262
0.813382
1.181409
0.686559
1.216563
0.814482
0.846757
1.298346
0.386948
0.977967
0.970110
1.060880
0.689980
1.136684
0.826007
1.071398
1.139594
0.520000
1.202589
0.468849
0.987500
1.080635
0.938838
0.586847
0.928232
1.023886
1.230323
0.514115
0.975037
1.133403
0.875820
0.775986
1.260322
0.351596
0.867953
1.191499
0.770368
0.817593
0.935253
1.332151
0.377561
0.974073
1.008824
0.966552
0.780571
1.111401
0.877734
1.255107
0.631928
0.860235
0.955278
1.333966
0.268625
0.783453
1.245204
0.711760
0.853630
0.962467
1.335287
0.310220
0.884149
1.094351
0.952060
0.677885
0.968884
1.247873
0.573126
1.185015
0.802771
0.751149
1.011602
1.087297
0.995764
0.687176
1.109617
1.095047
0.293155
0.646769
1.306717
0.431344
0.949485
1.081623
1.092880
0.311101
0.688825
1.295116
0.519490
1.010513
1.042691
1.110006
0.349772
0.828078
1.144557
0.902414
0.933465
1.299575
0.440706
1.140970
0.582302
1.089223
1.115779
0.286109
0.698423
1.269022
0.618504
0.996594
1.079439
1.116197
0.371118
0.927317
0.938960
1.130351
1.029173
0.591364
1.147666
0.792437
0.831987
1.093258
0.978755
1.032490
0.841415
0.993153
1.154839
0.674950
1.295603
0.514731
1.006419
1.041860
1.120681
0.338752
0.818488
1.158341
0.877785
0.925420
1.277486
0.544785
1.244712
0.550886
0.986553
1.139510
0.829342
0.924151
1.374928
0.234414
0.723349
1.284142
0.640358
0.875913
0.986292
1.333098
0.260518
0.785415
1.224874
0.752322
0.838187
0.972598
1.330526
0.340761
0.946018
0.988637
1.049933
0.737409
1.180280
0.765459
1.157380
0.987432
0.591168
1.165097
0.486617
1.020173
1.011551
0.895940
0.949533
1.289787
0.326574
0.859509
1.176674
0.774378
0.917362
1.063070
1.196424
0.503326
1.030700
1.126022
0.435686
1.019164
0.779657
1.153625
1.088943
0.265239
0.595081
1.279068
0.416153
0.931626
1.108763
1.053086
0.326715
0.654117
1.293599
0.465070
0.985541
1.054425
1.090453
0.339604
0.752538
1.241989
0.711484
0.993181
1.154576
0.890108
0.754700
1.280866
0.352247
0.909460
1.085848
0.958879
0.633294
0.912915
1.283097
0.576572
1.138715
0.998729
0.453511
0.939952
0.807565
1.234003
0.715190
0.823332
0.910227
1.332960
0.323735
0.887289
1.115784
0.910745
0.687569
0.916408
1.307982
0.519122
1.088934
1.031588
0.534052
1.117734
0.615568
1.024049
1.097550
0.858158
1.061323
0.860190
1.243525
0.790491
0.676583
0.811894
1.359659
0.294737
0.835298
1.192514
0.839942
0.665046
0.816348
1.343915
0.354378
0.936978
1.048798
1.011051
0.544426
0.861318
1.276882
0.613504
1.156609
0.970842
0.532875
1.066588
0.540954
1.006632
1.063906
0.631877
1.225241
0.493532
0.966073
1.086189
1.094436
0.312510
0.729447
1.241714
0.722092
0.935036
1.132085
1.043437
0.483076
1.088985
0.517782
1.008734
1.069111
0.648843
1.259466
0.525255
0.943445
1.057779
1.214862
0.256702
0.728456
1.267189
0.637942
0.966550
1.056872
1.212140
0.323628
0.897216
1.029471
1.028166
0.882863
1.288247
0.440199
1.077245
0.782805
1.171658
0.807909
1.177686
0.893072
0.701035
1.121050
0.709478
1.228945
0.824628
0.659035
0.896016
1.314880
0.405525
1.054622
0.755500
1.191763
0.857430
0.908078
1.335687
0.413023
1.079191
0.745729
1.124619
1.066609
0.518719
1.122873
0.619389
1.085124
1.047262
0.651673
1.332270
0.319813
0.841049
1.188646
0.920830
0.492876
0.715952
1.334512
0.348988
0.903622
1.119536
0.968728
0.476361
0.731632
1.316781
0.438621
1.010585
1.001173
1.049400
0.488347
0.884286
1.159858
0.825634
1.209403
0.699835
0.906507
1.024567
1.279574
0.361318
0.977697
0.937985
1.022638
1.042431
1.099012
0.435404
0.978770
0.932728
0.996300
1.275224
0.360930
0.959519
0.978013
1.016946
0.915481
1.262683
0.464704
1.082567
0.823542
1.108493
0.938988
1.048786
1.037066
0.526498
0.990594
0.907496
1.231381
0.827803
0.576189
0.692900
1.282599
0.352926
0.891207
1.148253
0.905331
0.562499
0.747255
1.315826
0.406885
0.981530
1.024794
1.026157
0.504722
0.851784
1.224121
0.760101
1.081681
1.177109
0.328316
0.875023
1.001355
1.234371
0.500629
1.227978
0.461324
0.966053
1.124443
0.902668
0.592642
0.877719
1.191620
0.913553
0.669018
1.223434
0.355229
0.854250
1.216183
0.785415
0.706048
0.795051
1.308630
0.343560
0.892678
1.135595
0.893971
0.633622
0.820626
1.328262
0.446271
1.032348
0.985969
0.949384
0.788633
1.150485
0.696153
1.213531
0.818697
0.791216
1.181036
0.607687
1.189658
0.780430
0.834341
1.183602
0.562479
1.137550
0.756347
0.994664
1.261264
0.317915
0.818523
1.253379
0.619884
1.012519
1.043734
1.160400
0.383402
0.939371
1.058406
0.807770
1.160123
1.015216
0.448854
0.850874
1.302343
0.410883
1.014769
0.912443
1.127145
0.620639
1.121329
0.880492
0.794476
1.147729
0.696555
1.280717
0.594425
0.928609
1.046821
1.265215
0.256222
0.774284
1.206862
0.794838
0.839085
1.033144
1.262543
0.393729
1.044536
0.797950
1.026893
1.269750
0.288391
0.820245
1.164942
0.861844
0.842339
1.141424
0.979810
0.744001
1.324808
0.348382
0.907532
1.117000
0.908276
0.635934
0.845491
1.320570
0.502388
1.062089
1.025497
0.765703
1.064298
1.240433
0.234119
0.666434
1.307831
0.499471
0.951109
1.061180
1.192867
0.258481
0.710361
1.282153
0.590749
0.980092
1.052934
1.197506
0.305058
0.845411
1.110441
0.950304
0.810780
1.222224
0.720098
1.206578
0.828796
0.727644
0.985165
1.189801
0.665994
1.276934
0.534858
1.013828
1.038045
1.123518
0.357685
0.866804
1.092212
0.947913
1.005837
1.161782
0.404845
0.959218
0.916776
1.183145
0.915802
0.623574
1.139480
0.447070
0.927324
1.161649
0.726809
0.939563
1.066630
1.156119
0.606229
1.001644
1.220056
0.374213
0.916283
1.091744
0.837787
1.147333
1.016534
0.483553
0.942339
1.086568
0.759115
1.344811
0.444553
0.916510
1.067271
1.175863
0.287201
0.724437
1.318219
0.489899
0.979224
1.048168
1.156129
0.295060
0.754356
1.250012
0.672923
1.000935
1.087102
1.090682
0.453925
1.022004
0.925273
0.756588
1.107717
0.728113
1.235779
0.740676
0.814674
0.982917
1.323339
0.332414
0.954453
0.895245
1.221720
0.601531
1.245888
0.619039
0.948902
1.118642
1.028037
0.561199
1.201876
0.379936
0.886153
1.183633
0.850745
0.603335
0.725314
1.290179
0.376630
0.931214
1.093290
0.960070
0.532357
0.781989
1.304348
0.535806
1.059505
1.047555
0.831086
0.895843
1.268074
0.356563
0.875603
1.174470
0.758375
0.957092
1.082287
1.131786
0.566752
1.022312
1.184923
0.364175
0.896692
1.094699
0.882771
1.104474
1.064497
0.424688
0.893210
1.128847
0.794108
1.314235
0.582139
0.872204
0.966515
1.313929
0.265492
0.753580
1.285256
0.621395
0.905869
0.997785
1.306356
0.274508
0.800946
1.215521
0.756574
0.858531
0.996129
1.310108
0.362928
0.975846
0.963385
0.994806
0.975933
1.221279
0.433169
1.034011
0.869262
1.064177
1.131967
0.642956
1.287845
0.425738
0.966919
1.068405
1.031304
0.406860
0.746678
1.271240
0.633412
1.035985
1.121142
0.844869
0.808858
1.274419
0.335492
0.854138
1.192237
0.781027
0.816679
0.947153
1.331198
0.380359
0.983064
0.992696
0.962213
0.857224
1.189015
0.673844
1.272641
0.648461
0.898419
1.077846
1.193301
0.329282
0.903348
0.938134
1.267580
0.567650
1.255798
0.536606
0.997965
1.106381
0.934781
0.628162
1.109688
0.519387
0.996842
1.071045
0.701052
1.226211
0.834864
0.560385
0.659395
1.247222
0.368324
0.894259
1.157849
0.880358
0.593599
0.751599
1.310784
0.400907
0.972750
1.036334
1.012207
0.515870
0.843205
1.240902
0.737275
1.044755
1.272151
0.306002
0.910598
0.912241
1.278642
0.507997
1.207189
0.565394
1.018180
1.171395
0.488154
1.140087
0.621343
1.030048
1.153183
0.521224
1.169209
0.549279
1.046284
1.054246
0.787476
1.197906
0.733183
1.193127
0.893000
0.759665
1.295651
0.371026
0.940135
1.057067
0.989579
0.572123
0.870494
1.271670
0.644466
1.108248
1.137401
0.347411
0.932547
0.807016
1.256582
0.692452
0.868728
1.060461
1.200354
0.382373
1.011997
0.710416
1.197463
0.891831
0.495037
0.655845
1.276398
0.368419
0.907346
1.131544
0.943210
0.497276
0.717267
1.307207
0.428845
0.993983
1.024219
1.036917
0.469015
0.837198
1.208759
0.797744
1.043418
1.237234
0.321769
0.906238
0.931021
1.278023
0.515859
1.234554
0.513367
0.994876
1.143350
0.705977
1.125898
1.133515
0.271885
0.696901
1.291469
0.537790
1.021332
1.036461
1.108547
0.371583
0.870837
1.096634
0.919884
1.090670
1.004141
0.504559
0.898751
1.160998
0.798963
1.239780
0.637099
0.954574
1.036918
1.249223
0.322930
0.901810
1.046261
0.988539
0.840287
1.235089
0.655187
1.286637
0.608591
0.931569
1.117011
1.074141
0.404519
0.921038
0.925707
1.283985
0.635108
0.897495
1.107569
1.055670
0.578523
1.219905
0.409461
0.941690
1.105595
0.932144
0.554368
0.782250
1.294552
0.574470
1.027080
1.115619
0.833574
0.794279
1.195891
0.433443
0.910492
1.201585
0.631372
1.026197
1.050661
1.096926
0.507110
1.020060
1.084570
0.506989
1.086296
0.627714
1.088376
1.048513
0.525964
1.086581
0.636442
1.155728
0.885271
0.670190
1.032416
0.904396
1.266998
0.682099
0.770601
0.827589
1.294092
0.319472
0.830277
1.229991
0.738454
0.801699
0.896348
1.337156
0.323643
0.886615
1.119512
0.908741
0.673971
0.894719
1.318626
0.500563
1.079684
1.007397
0.648842
1.180813
0.789824
0.718122
0.844131
1.343057
0.362881
0.952719
1.023981
1.022837
0.579253
0.922276
1.214131
0.704490
1.225644
0.693739
0.991217
1.095660
1.049725
0.623596
1.110139
1.081782
0.283232
0.620795
1.283342
0.457618
0.966625
1.073920
1.095248
0.312798
0.707953
1.273221
0.605351
1.016298
1.074526
1.072909
0.417455
0.953221
0.917840
1.084835
1.158697
0.353398
0.926790
0.886477
1.270205
0.689866
0.965184
1.295218
0.355407
0.939025
1.024948
0.987206
0.806111
1.182925
0.758070
1.287823
0.638654
0.878448
1.017386
1.322918
0.244742
0.763350
1.230365
0.744049
0.857111
1.000288
1.312412
0.342174
0.956400
0.951008
1.082734
0.825438
1.294206
0.531599
1.050484
0.991117
1.106012
0.437425
0.929660
1.111819
0.723901
1.176255
0.952054
0.558006
0.979903
1.018347
0.942522
1.309817
0.288951
0.809987
1.227345
0.789632
0.702904
0.815844
1.337470
0.322152
0.875818
1.144378
0.894999
0.626422
0.817602
1.333935
0.423535
1.020406
0.969159
1.004639
0.713385
1.100092
0.855743
1.134879
1.012008
0.546544
1.059967
0.792609
1.157340
1.053635
0.351318
0.732945
1.340065
0.402169
0.960370
1.054530
1.064299
0.382068
0.748490
1.283355
0.582732
1.069543
1.034444
0.942446
0.706445
1.142745
0.814406
0.792369
0.928754
1.315825
0.483128
1.017142
1.084039
0.810384
0.867048
1.177296
0.565667
1.092381
0.881088
0.893292
1.291023
0.341829
0.853637
1.238163
0.638314
0.953037
1.025580
1.259448
0.324705
0.897288
1.075403
0.934242
0.843531
1.155366
0.888788
1.126335
0.681562
1.032171
1.069830
0.998000
0.797172
0.988349
1.219068
0.400972
0.903396
1.196982
0.598363
1.137457
0.901006
0.926457
1.240494
0.430700
0.957083
1.125864
0.632228
1.147270
0.914207
0.725130
1.257190
0.374011
0.921248
1.096701
0.921465
0.664762
0.899016
1.292348
0.597236
1.045283
1.191738
0.416366
1.049434
0.768338
1.058802
1.242312
0.237537
0.665636
1.311656
0.488616
0.944739
1.063710
1.190928
0.256660
0.699598
1.291586
0.560078
0.979066
1.050793
1.194415
0.290296
0.804325
1.173589
0.847996
0.859777
1.137069
1.011236
0.673580
1.275943
0.420094
1.014324
0.934018
1.112724
0.563355
1.029294
1.021495
0.710110
1.247921
0.455634
0.992711
1.045480
0.996773
0.519300
0.870307
1.152909
0.983397
0.700186
1.284595
0.398730
0.977426
1.005103
1.028724
0.597205
0.969333
1.111809
0.868763
1.186837
0.513055
0.999412
1.081950
0.936420
0.591957
0.954734
0.934274
1.276719
0.598555
0.895389
0.995918
1.310484
0.266162
0.783781
1.232700
0.727706
0.875293
1.000357
1.310600
0.337083
0.939122
0.997442
1.031083
0.797230
1.225830
0.667448
1.230092
0.776994
0.878281
1.295476
0.381581
0.966036
0.990714
1.033059
0.732258
1.158295
0.782594
1.193113
0.902879
0.650192
1.069476
0.808566
1.210128
0.932485
0.455241
0.704713
1.339690
0.343565
0.893380
1.132912
0.962244
0.471728
0.722218
1.320137
0.414437
0.985191
1.023183
1.052259
0.446730
0.818089
1.236817
0.716703
1.108389
1.120786
0.454529
1.135545
0.451934
0.960891
1.123836
0.722466
1.029202
1.177489
0.498270
1.126752
0.625728
1.112980
1.021592
0.525602
1.057539
0.690600
1.203683
0.823400
0.667956
0.858484
1.358268
0.352115
0.960727
0.964996
1.124398
0.529478
0.986036
1.109640
0.640088
1.263031
0.527641
0.951014
1.062586
1.203413
0.258791
0.733332
1.252774
0.678034
0.953175
1.069589
1.199730
0.352358
0.951797
0.933457
1.059341
1.117853
0.754281
0.868238
1.205591
0.448457
0.926290
1.194248
0.592135
1.090287
0.984496
0.941312
0.949760
1.078224
1.124187
0.391094
0.916230
1.020593
1.087867
0.887530
0.972899
1.063029
1.130082
0.594908
0.996339
1.164132
0.600407
1.274984
0.485294
0.959014
1.082605
1.130867
0.276099
0.696446
1.269782
0.615344
0.993379
1.074293
1.135059
0.355815
0.913236
0.972059
1.106867
0.992725
0.812491
0.997749
1.246653
0.406287
1.038889
0.732929
1.172796
1.026103
0.318224
0.616488
1.290033
0.398035
0.928419
1.107897
1.029608
0.363924
0.673078
1.299339
0.459186
0.993624
1.042724
1.076935
0.369594
0.778185
1.225791
0.755450
0.992956
1.215944
0.663225
1.163380
0.959626
0.493883
0.817350
1.305102
0.519720
1.122608
0.885859
0.897514
1.234398
0.663662
1.313165
0.513233
0.937502
1.068836
1.213572
0.236240
0.683271
1.285696
0.573514
0.965947
1.052854
1.214322
0.280716
0.800928
1.173327
0.856776
0.822380
1.100419
1.095594
0.558587
1.229613
0.438684
0.988104
1.039468
1.001764
0.524604
0.877690
1.149525
0.981817
0.724035
1.272433
0.458241
1.069610
0.848399
1.107790
0.856324
1.237274
0.768826
0.730430
0.887642
1.378530
0.285333
0.842087
1.160871
0.878241
0.670029
0.866792
1.343433
0.410219
1.028535
0.922079
1.024988
0.866561
1.256076
0.617890
1.012609
1.036873
1.172733
0.382100
0.938067
1.071045
0.808958
1.089464
1.100991
0.540182
1.126815
0.699242
1.107795
1.081677
0.515627
1.144199
0.524506
1.051865
1.000377
0.807396
1.249865
0.641166
1.217986
0.786615
0.883336
1.326071
0.318381
0.871226
1.139148
0.883801
0.704369
0.908234
1.326159
0.463543
1.066133
0.965818
0.765294
1.191633
0.947618
0.426616
0.677653
1.311776
0.388581
0.947600
1.069794
1.028222
0.421674
0.744279
1.293246
0.552316
1.064500
1.027537
0.935603
0.710425
1.136670
0.726427
1.025660
1.070946
1.022326
0.798944
0.913547
1.179883
0.562699
1.082243
0.920603
0.826992
1.274446
0.388341
0.928351
1.121114
0.788052
0.947276
1.090540
1.064080
0.813483
0.834102
1.180706
0.513211
1.026010
0.982605
0.840479
1.342533
0.435453
0.951690
1.083008
1.095180
0.304370
0.681357
1.293968
0.517171
1.005680
1.045828
1.115769
0.338968
0.814899
1.159222
0.884942
0.904770
1.288335
0.532743
1.223037
0.600564
0.990283
1.187385
0.575782
1.247435
0.574519
0.930664
1.084318
1.187074
0.292963
0.826378
1.086399
1.103598
0.496068
1.067332
0.783844
1.093523
1.158152
0.330109
0.797319
1.301870
0.478084
1.025621
0.994778
1.099440
0.415370
0.873634
1.154369
0.772249
1.206940
0.878033
0.678393
1.069623
0.864673
1.133819
1.085529
0.307717
0.687059
1.323198
0.430214
0.966455
1.059271
1.090751
0.336367
0.727927
1.280355
0.586471
1.041678
1.051329
1.035933
0.489141
0.990843
0.943915
0.885482
1.228914
0.519332
1.102137
0.842727
0.959925
1.357128
0.232957
0.715492
1.294004
0.599854
0.908377
1.013458
1.302374
0.255298
0.765279
1.244879
0.704995
0.890010
1.008171
1.305314
0.321850
0.914457
1.025714
1.029874
0.731716
1.163277
0.815587
1.138061
1.001185
0.490217
0.917951
1.072604
1.010453
0.988582
0.701661
1.127586
0.982634
0.452852
0.736272
1.329919
0.414687
0.990968
1.009766
1.067161
0.444523
0.833338
1.226627
0.713297
1.162870
0.980055
0.571301
1.138434
0.473806
0.983001
1.071957
0.809074
1.000804
1.216500
0.402933
0.912595
1.190585
0.570871
1.128010
0.879754
0.945983
1.267080
0.377068
0.904857
1.188249
0.607917
1.066660
1.016413
1.010728
0.688596
1.089398
1.096292
0.378738
0.818621
1.282975
0.504208
1.091720
0.889191
1.077721
0.734202
1.170606
0.930467
0.599564
1.000327
0.978576
1.060949
1.111561
0.310815
0.722755
1.270807
0.615627
1.022246
1.070620
1.070273
0.438508
0.977449
0.928452
0.949272
1.259980
0.413118
0.991621
0.977439
0.959434
1.046990
1.174197
0.336525
0.855988
1.132716
0.876425
0.993799
1.238594
0.477334
1.189409
0.493926
1.001360
1.117522
0.684586
1.181711
0.980204
0.371830
0.638068
1.289155
0.412358
0.954563
1.077273
1.037556
0.385039
0.717450
1.287592
0.555190
1.043525
1.046494
0.999934
0.531765
0.995809
0.885069
1.094473
1.120463
0.383856
0.852090
1.261179
0.508138
1.100588
0.865174
1.067992
0.870365
1.195310
0.899416
0.585654
0.888559
1.318125
0.368358
0.978853
0.910883
1.176046
0.606010
1.180879
0.742798
0.920386
1.148677
0.831284
1.292414
0.472316
0.919577
1.066207
1.191189
0.268115
0.705175
1.311343
0.507238
0.972556
1.051108
1.177671
0.280881
0.750517
1.250700
0.674214
0.982171
1.079217
1.144588
0.399474
0.986897
0.935528
0.882451
1.273493
0.508603
1.021873
1.037716
1.039591
0.455300
0.906501
1.021482
1.114731
0.913607
0.713419
1.178903
0.701947
0.978587
1.146758
0.834386
1.153957
0.722876
1.078036
1.045286
0.927345
1.002321
0.772009
1.140885
0.820994
1.084950
1.085349
0.676976
1.345276
0.358257
0.898731
1.129481
0.998685
0.407579
0.696264
1.318809
0.412963
0.969929
1.049414
1.057000
0.394153
0.757206
1.271444
0.626024
1.065319
1.083751
0.836663
0.888292
1.286939
0.476287
1.140379
0.703768
1.017056
1.294223
0.232700
0.689077
1.301505
0.555468
0.931824
1.037640
1.261701
0.251000
0.739759
1.265159
0.651202
0.936905
1.036365
1.264736
0.305324
0.877311
1.072161
0.991513
0.746858
1.157449
0.855770
1.067978
1.105149
0.390254
0.835559
1.204487
0.760913
1.101839
1.132931
0.426897
1.077958
0.544307
1.048519
1.030480
0.531129
1.022875
0.756741
1.224139
0.825406
0.620133
0.747966
1.321431
0.324482
0.864839
1.170340
0.877824
0.601131
0.768767
1.327630
0.376230
0.953133
1.045421
1.014702
0.511650
0.830112
1.272924
0.641291
1.112616
1.098240
0.460977
1.124821
0.479853
0.988091
1.094211
0.712175
1.146025
1.100929
0.254464
0.603278
1.282153
0.440979
0.951178
1.088638
1.083954
0.309040
0.677479
1.288306
0.529150
1.009667
1.049277
1.106082
0.351347
0.834724
1.124273
0.952941
0.875937
1.335413
0.387778
1.035982
0.785301
1.222598
0.664463
1.256697
0.705003
0.918149
1.231622
0.555620
1.168700
0.790065
0.841322
1.227949
0.416548
0.932767
1.119129
0.774103
1.044926
1.109812
0.782791
1.313322
0.374095
0.904388
1.140344
0.957488
0.457549
0.697425
1.310249
0.409005
0.969332
1.049267
1.040181
0.423847
0.770657
1.268697
0.643918
1.064587
1.117920
0.718391
1.076119
1.208365
0.297692
0.810175
1.219493
0.660107
1.117324
0.985669
0.926930
0.996639
0.948402
1.215878
0.545051
1.163136
0.757134
0.984512
1.347136
0.226747
0.708267
1.285393
0.619086
0.903745
1.012608
1.307697
0.260601
0.784923
1.217453
0.763640
0.849751
0.999411
1.308790
0.361685
0.982165
0.933845
1.031436
1.001992
1.164843
0.440911
1.005572
0.971092
0.926446
1.126449
1.089549
0.314541
0.754910
1.204574
0.852143
0.747098
1.080649
1.020248
0.662190
1.249865
0.387002
0.918119
1.133082
0.897136
0.594286
0.777122
1.313331
0.461097
1.026063
1.013231
0.966310
0.647078
1.009947
0.929631
1.225974
0.782094
0.669827
0.783645
1.332159
0.322562
0.871691
1.154037
0.890183
0.611181
0.794071
1.332310
0.402334
0.992912
0.993720
1.033471
0.576743
0.948753
1.128384
0.843022
1.239869
0.496515
0.965367
1.081047
1.107871
0.305883
0.727979
1.254313
0.675117
0.986839
1.113893
1.043744
0.473176
1.051744
0.674187
1.089040
1.081680
0.472266
1.001974
0.901343
1.118823
1.119354
0.266808
0.651889
1.296610
0.484900
0.980136
1.059111
1.126943
0.302758
0.741960
1.246544
0.692561
0.986323
1.114104
1.043362
0.497336
1.079401
0.706147
1.017624
1.130031
0.725156
1.351964
0.397732
0.927607
1.093351
1.076523
0.333820
0.700669
1.313426
0.467494
0.998646
1.034313
1.100065
0.353391
0.786700
1.219184
0.752177
1.020222
1.180656
0.713443
1.146388
0.903950
0.897666
1.283121
0.531670
1.239333
0.542604
0.997866
1.160441
0.647573
1.224026
0.809909
0.644581
0.810407
1.345825
0.366124
0.967647
0.979056
1.096973
0.521167
0.940965
1.173934
0.636211
1.289792
0.555411
0.921607
1.065477
1.246044
0.232891
0.707026
1.268000
0.637686
0.947829
1.050828
1.240048
0.304371
0.874268
1.055763
1.040048
0.716759
1.220447
0.673963
1.156966
0.982168
0.621761
1.255436
0.336431
0.850595
1.201622
0.851709
0.592563
0.723429
1.300683
0.351457
0.898065
1.133998
0.922453
0.552001
0.756621
1.318238
0.429345
1.007245
1.001254
1.025396
0.547953
0.922505
1.124873
0.902607
1.126214
0.628305
1.039779
1.066366
0.946030
0.806627
1.143731
1.088461
0.303851
0.702638
1.292772
0.534550
1.035730
1.027662
1.069760
0.431543
0.914188
1.054620
0.907337
1.267058
0.625236
0.839065
0.912266
1.311479
0.297002
0.803796
1.251181
0.689105
0.867573
0.961072
1.328316
0.305240
0.864842
1.134997
0.886199
0.734255
0.954846
1.299429
0.494168
1.090930
0.987413
0.561926
1.095952
0.586797
1.059250
1.040414
0.697788
1.337062
0.339374
0.869243
1.166372
0.942618
0.470099
0.706475
1.326171
0.370038
0.928515
1.090986
1.003822
0.441655
0.734218
1.305991
0.494765
1.045630
0.999469
1.011893
0.570777
0.992855
0.976855
0.968367
1.241709
0.402098
0.989180
0.942105
1.030121
1.064413
1.003902
0.532335
1.021159
0.840366
1.061917
1.140145
0.487925
1.032999
0.949621
0.840963
1.315991
0.350540
0.896885
1.145194
0.854196
0.704607
0.866682
1.330424
0.449781
1.031244
1.006179
0.885274
0.890571
1.207702
0.510048
1.051506
0.938516
0.861113
1.350619
0.323889
0.885640
1.126661
0.916891
0.614963
0.830790
1.330184
0.458087
1.054328
0.957666
0.924063
0.951155
1.252899
0.477156
1.056845
0.947308
0.915202
1.104926
1.109007
0.511569
1.141293
0.689244
0.967012
1.139662
0.860803
1.181185
0.533422
1.004004
1.077441
0.983380
0.514638
0.947888
0.877683
1.264412
0.722374
0.747385
0.822642
1.315554
0.315214
0.846026
1.195008
0.808221
0.728421
0.855320
1.341153
0.357629
0.942750
1.040999
1.001025
0.596659
0.914678
1.236625
0.686730
1.159255
0.952064
0.558407
0.925502
1.146743
0.872597
0.998603
1.113520
0.730724
1.304433
0.521258
1.040883
1.008697
1.082815
0.433628
0.912458
1.092641
0.802980
1.275393
0.737243
0.721295
0.815492
1.337234
0.289369
0.808541
1.231803
0.769506
0.741193
0.850955
1.345173
0.316720
0.874249
1.138982
0.897720
0.644075
0.844102
1.334865
0.439946
1.041899
0.954754
0.949766
0.912154
1.244760
0.527355
1.088883
0.929703
0.971729
0.979539
1.155748
0.908093
0.528085
0.797675
1.277726
0.642587
1.026313
1.177467
0.631555
1.157114
1.025162
0.326121
0.648264
1.280867
0.499310
1.006765
1.048321
1.076465
0.373572
0.818021
1.151881
0.935476
0.822786
1.351402
0.382999
1.006236
0.901610
1.151468
0.582731
1.086974
0.941123
0.740436
1.211919
0.441567
0.960708
1.101110
0.779938
0.983616
1.128831
0.836474
1.287682
0.401720
0.923781
1.116945
1.012896
0.384430
0.681697
1.304456
0.446854
0.991213
1.039420
1.069298
0.384118
0.780411
1.233247
0.735743
1.019752
1.202601
0.634741
1.188893
0.834198
0.739444
0.997246
1.221807
0.541945
1.216925
0.606199
0.962195
1.113084
1.029731
0.573306
1.223655
0.381580
0.901281
1.154768
0.909673
0.521785
0.698992
1.292891
0.404913
0.963157
1.058984
1.011436
0.465289
0.780911
1.272354
0.647963
1.045387
1.159421
0.647725
1.126517
1.117060
0.255422
0.633131
1.288877
0.483881
0.975849
1.065120
1.123910
0.298872
0.731539
1.252002
0.678539
0.986025
1.106515
1.067577
0.455193
1.039946
0.747876
1.054954
1.153797
0.446991
0.967696
1.091430
0.643643
1.231235
0.592928
0.948122
1.058671
1.224093
0.292323
0.846620
1.074374
1.072698
0.583236
1.115501
0.802760
1.023738
1.228336
0.415457
1.047375
0.721213
1.176625
1.014701
0.315864
0.579207
1.254189
0.403570
0.926237
1.122244
0.995618
0.394458
0.664614
1.290393
0.451128
0.990125
1.046334
1.058939
0.389511
0.778006
1.229909
0.756628
0.977638
1.236538
0.616599
1.180403
0.913225
0.512896
0.790376
1.274788
0.645232
1.044532
1.174172
0.575335
1.179452
0.849062
0.597157
0.785917
1.306173
0.515969
1.059842
1.027644
0.840667
0.920303
1.271112
0.358282
0.891674
1.133587
0.825905
0.954130
1.142446
0.924783
0.983781
0.820585
1.195088
0.892129
0.549122
0.737942
1.333274
0.344324
0.901530
1.119291
0.955253
0.509450
0.751122
1.318785
0.445483
1.023181
0.987356
1.032056
0.558707
0.956307
1.070478
0.906911
1.266683
0.424448
0.944952
1.093838
1.047073
0.353268
0.689995
1.293949
0.510476
1.020948
1.035937
1.072222
0.400021
0.858760
1.109962
0.956730
0.998396
1.065274
0.537085
0.965690
1.038559
1.030383
1.011428
0.554689
1.015801
0.915310
0.961824
1.208415
0.525548
1.129566
0.742298
1.024978
1.216125
0.379086
0.913112
1.121414
0.743325
1.230856
0.833275
0.689513
0.986745
1.173862
0.516692
1.155985
0.553587
1.054062
1.053331
0.688061
1.334704
0.365425
0.889939
1.137297
1.014562
0.380423
0.687431
1.323789
0.399903
0.949783
1.073524
1.049751
0.377083
0.721209
1.294253
0.535408
1.046304
1.024423
1.026532
0.508181
0.968787
0.982798
0.941471
1.267823
0.417454
1.003687
0.966200
1.008301
0.818428
1.230884
0.607354
1.143441
0.892484
0.999229
1.029912
0.837604
1.226770
0.670524
1.260834
0.697858
0.903273
1.186242
0.715584
1.221454
0.881457
0.543333
0.786286
1.338809
0.394037
1.003920
0.930459
1.133513
0.525083
0.990246
1.092406
0.648602
1.240321
0.600549
0.922838
1.025782
1.281432
0.275943
0.815000
1.168632
0.858372
0.786833
1.027325
1.239760
0.460556
1.127119
0.724158
0.924090
1.192319
0.544380
1.091665
0.860818
0.938919
1.298380
0.310441
0.808711
1.281448
0.585111
0.948298
1.023158
1.259774
0.285127
0.810756
1.199253
0.774460
0.892710
1.052840
1.230899
0.433325
1.040684
0.970465
0.654976
1.137921
0.632550
1.051705
1.052531
0.948265
0.842295
1.101065
1.153966
0.309542
0.773557
1.259770
0.638200
1.054832
1.067527
0.965325
0.657218
1.122413
0.914002
0.557431
0.742384
1.301914
0.455276
1.015141
1.019845
0.998635
0.553520
0.921963
1.080737
1.058101
0.831275
0.887153
1.252740
0.519936
1.124837
0.869640
0.753030
1.220452
0.363461
0.838539
1.255537
0.671698
0.859877
0.936304
1.320542
0.308102
0.849610
1.177066
0.811636
0.794673
0.947952
1.327371
0.409690
1.016492
0.975396
0.890981
1.049234
1.197241
0.339593
0.839808
1.220122
0.657746
1.110687
1.003906
0.893511
1.026877
0.953850
1.221833
0.541962
1.083083
0.954062
1.009250
0.778999
1.165576
0.983785
0.440641
0.757409
1.355261
0.364398
0.934372
1.072145
1.023102
0.442098
0.760398
1.301617
0.531231
1.076791
0.989219
0.938596
0.794078
1.192745
0.752205
0.865855
0.976711
1.310205
0.403199
0.993280
1.022341
0.880231
0.918449
1.179000
0.625365
1.201454
0.690830
0.986683
1.122771
0.939233
0.892015
1.067253
1.147332
0.690343
0.938849
1.265204
0.333302
0.815439
1.282776
0.586785
0.949060
1.022476
1.259446
0.287215
0.814488
1.195469
0.779569
0.891644
1.055195
1.225070
0.443986
1.046709
0.982797
0.604076
1.087355
0.673846
1.101747
1.025276
0.698091
1.349928
0.323790
0.864456
1.165468
0.926712
0.505995
0.728622
1.330398
0.372600
0.940433
1.069073
1.015489
0.456842
0.766112
1.297134
0.551452
1.078990
1.016238
0.868892
0.900261
1.264675
0.531436
1.068626
1.030701
0.714695
1.231168
0.752841
0.808739
0.982858
1.338889
0.296737
0.884802
1.040505
1.087983
0.541208
0.997252
1.108453
0.613023
1.258017
0.461885
0.953625
1.091164
1.093031
0.299225
0.682026
1.281275
0.561041
1.010396
1.058992
1.106955
0.359557
0.870058
1.057002
1.046645
0.899014
1.160483
0.484453
0.993710
1.011963
0.871934
1.262416
0.779364
0.626175
0.690972
1.244997
0.355737
0.869661
1.192526
0.815900
0.684968
0.796672
1.318403
0.360945
0.927541
1.082175
0.962002
0.572885
0.831986
1.301772
0.570311
1.077968
1.087837
0.596156
1.164406
0.876337
0.555071
0.733933
1.307839
0.430531
1.001066
1.014570
1.023725
0.518442
0.884436
1.164278
0.878242
1.032028
0.995009
0.831197
1.212528
0.678602
1.297035
0.607577
0.912610
1.085309
1.197739
0.275528
0.780457
1.185147
0.860400
0.788825
1.101566
1.052618
0.584414
1.248123
0.351859
0.864707
1.190693
0.883265
0.533945
0.684447
1.285853
0.364859
0.907768
1.128144
0.939990
0.513000
0.731990
1.310648
0.436568
1.005425
1.012013
1.031773
0.502853
0.880114
1.161586
0.870836
1.075405
0.909670
0.884298
1.154483
0.840335
1.277637
0.480920
0.929856
1.070681
1.182639
0.263085
0.696887
1.303154
0.523847
0.978660
1.050707
1.178320
0.285114
0.768490
1.224830
0.738933
0.949141
1.106655
1.105194
0.474626
1.082054
0.810621
0.829956
1.060179
0.972338
1.218697
0.452099
0.960533
1.089298
1.044553
0.358959
0.713617
1.267268
0.630744
1.007233
1.110073
0.997714
0.504318
1.030727
0.666115
1.121657
0.975809
0.514087
0.876210
1.218643
0.679822
1.259096
0.694413
0.853431
1.027663
1.271099
0.343415
0.974029
0.805611
1.251906
0.706793
1.091074
1.173283
0.357860
0.976678
0.723422
1.206397
0.799780
0.681977
0.806735
1.339153
0.338716
0.909201
1.089944
0.968851
0.561740
0.828304
1.313844
0.521322
1.095913
0.976604
0.758928
1.180796
0.945593
0.568794
1.041696
0.740184
1.207378
0.873995
0.569942
0.781533
1.359970
0.333560
0.904491
1.097644
0.976961
0.518210
0.789546
1.318367
0.488415
1.072173
0.953874
0.944045
0.890239
1.244744
0.645148
0.956506
1.039559
1.240907
0.345315
0.937123
1.002994
0.984022
0.991696
1.197988
0.420430
1.010573
0.866525
1.110053
1.137335
0.362675
0.952210
0.785119
1.245317
0.749504
0.738082
0.857532
1.358701
0.302399
0.860025
1.146757
0.895194
0.647602
0.851816
1.339185
0.426842
1.038808
0.933069
0.989385
0.900469
1.251805
0.580115
1.049861
1.013862
1.097703
0.473703
0.980622
1.082252
0.652405
1.209494
0.760312
0.727947
0.833707
1.335217
0.346103
0.922908
1.065657
0.987654
0.580557
0.876413
1.285804
0.591629
1.142465
0.996136
0.492828
1.036273
0.584960
1.044848
1.011812
0.598013
1.053562
0.754844
1.241616
0.773113
0.715220
0.847455
1.365952
0.294124
0.843284
1.174762
0.858435
0.667260
0.836700
1.344775
0.381435
0.981694
0.983618
1.047640
0.608537
0.997977
1.081311
0.827473
1.333775
0.378496
0.912626
1.117470
1.018780
0.385878
0.695339
1.315828
0.432488
0.984543
1.038512
1.071216
0.384085
0.773033
1.249433
0.687448
1.053756
1.138894
0.727843
1.087977
1.127715
0.473276
1.080179
0.712454
1.115143
1.095908
0.374230
0.829956
1.263584
0.525947
1.120317
0.848456
1.056073
0.960769
1.050963
1.077201
0.495576
1.035886
0.790215
1.198933
0.970200
0.386431
0.633765
1.295414
0.362190
0.893088
1.145849
0.966557
0.434334
0.677958
1.305411
0.398064
0.950359
1.074574
1.027574
0.410136
0.731790
1.291421
0.550678
1.054439
1.036331
0.964189
0.622701
1.064318
0.800198
1.074735
1.089560
0.687096
1.322204
0.432876
0.993343
1.021304
1.081767
0.394184
0.799593
1.232882
0.712890
1.090134
1.114285
0.622602
1.269665
0.443789
1.002698
1.012304
1.050112
0.473113
0.873147
1.157187
0.866985
1.097876
0.908076
0.777381
1.056381
1.071519
0.927542
0.797761
1.166204
1.012200
0.362276
0.678488
1.308425
0.440415
0.989680
1.035891
1.072425
0.385269
0.781449
1.237885
0.718512
1.042343
1.173857
0.653820
1.184717
0.819779
0.876619
1.180470
0.834185
1.071347
1.058629
0.523114
0.937925
1.200223
0.593571
1.277851
0.519781
0.948174
1.102417
1.127505
0.277294
0.712375
1.252067
0.678832
0.968538
1.104914
1.099973
0.412048
1.009452
0.746201
1.128263
1.095998
0.298184
0.657006
1.320492
0.406355
0.929288
1.097901
1.074520
0.322705
0.678156
1.306998
0.465084
0.988167
1.047402
1.101649
0.335791
0.759400
1.240760
0.707278
1.009501
1.142714
0.891128
0.770620
1.267049
0.458730
1.099815
0.747137
1.134214
1.029054
0.548480
1.067811
0.847023
1.008040
1.254332
0.342886
0.887210
1.130786
0.783135
1.142627
1.014110
0.621519
1.240182
0.440966
0.994371
1.029004
1.003971
0.541779
0.899317
1.130737
0.992055
0.791061
1.154859
0.914691
1.058719
0.816501
1.012173
1.125669
0.762420
1.341169
0.410653
0.953719
1.067367
1.077634
0.349596
0.725555
1.293135
0.543766
1.044995
1.024152
1.051264
0.471793
0.950467
1.023302
0.856578
1.298681
0.518361
0.978875
1.038926
1.189054
0.292973
0.783906
1.224663
0.724036
0.973194
1.096720
1.104986
0.486572
1.057800
0.970619
0.535127
0.872242
1.134047
1.051746
0.576695
1.206918
0.489066
1.074378
0.890617
1.039630
0.931973
1.183546
0.858589
0.597675
0.792707
1.351455
0.361750
0.950033
1.028690
1.044240
0.500947
0.850969
1.266540
0.620256
1.187059
0.871555
0.711508
1.199454
0.401523
0.902592
1.171336
0.770669
0.835645
0.960124
1.314848
0.433803
1.012496
1.035689
0.827529
0.955548
1.205450
0.485465
1.012372
1.029361
0.715600
1.276057
0.519596
0.941568
1.043983
1.223263
0.269210
0.745530
1.274693
0.615462
0.976172
1.048600
1.212606
0.316025
0.874597
1.079603
0.960657
0.866491
1.247600
0.631650
1.291248
0.561867
0.948114
1.106594
1.113679
0.315577
0.790675
1.160766
0.953547
0.643852
1.109838
0.780490
1.121868
1.113672
0.364248
0.870339
1.117327
0.875784
1.172055
0.827724
0.712458
0.889269
1.342610
0.402130
1.032998
0.880417
1.077000
0.885340
1.266796
0.623861
0.881111
0.967578
1.315885
0.282038
0.801952
1.231373
0.724081
0.867747
0.981471
1.322177
0.332179
0.924230
1.033631
1.000439
0.728373
1.099040
0.965962
0.995566
1.039288
0.600303
0.995189
1.038865
1.005366
1.030237
0.530872
0.963518
1.005760
1.005732
1.195953
0.369828
0.927188
1.051537
0.923337
0.960231
1.210189
0.568437
1.234286
0.556010
0.994938
1.100302
0.992274
0.537189
1.079091
0.541679
1.016317
1.061660
0.644521
1.259205
0.469643
0.948963
1.085477
1.123399
0.281519
0.685718
1.287504
0.550150
1.002836
1.053524
1.135049
0.330181
0.836931
1.117522
0.955032
0.856020
1.316921
0.465042
1.142924
0.674743
1.109103
1.143558
0.281883
0.715357
1.306255
0.503769
1.007779
1.032321
1.126828
0.338662
0.814009
1.179793
0.816415
0.995420
1.205574
0.668480
1.262294
0.532285
1.036809
1.016672
1.078614
0.450345
0.948568
1.028773
0.844509
1.300871
0.589554
0.887717
0.963065
1.293874
0.297934
0.803016
1.255003
0.660669
0.919464
1.007912
1.294194
0.308689
0.876028
1.104174
0.923699
0.763716
1.051325
1.146658
0.662744
1.164255
0.888626
0.824352
1.281852
0.510269
1.165669
0.718295
1.002182
1.324412
0.228347
0.701577
1.291490
0.595851
0.916983
1.022728
1.291589
0.256473
0.768748
1.236232
0.722267
0.887852
1.016887
1.295416
0.338817
0.945133
0.977161
1.045805
0.863826
1.279124
0.510552
1.118240
0.831028
1.104569
0.833460
1.169620
0.949185
0.641935
1.131906
0.698704
1.147272
1.018348
0.507115
1.058282
0.648446
1.154446
0.881642
0.644983
0.934673
1.196195
0.727562
1.217431
0.730680
0.948245
1.086439
1.138167
0.507739
1.075496
1.019288
0.418442
0.797088
1.185712
0.923723
0.673147
1.184833
0.522547
1.066650
0.960879
0.894961
1.116500
1.048844
0.727446
1.112958
