0.430774
-0.381226
-0.483226
0.065774
-0.151226
-0.005226
-0.234226
-0.460226
-0.319226
-0.253226
-0.485226
-0.412226
-0.196226
0.073774
-0.251226
0.144774
-0.132226
-0.025226
-0.385226
0.496774
0.211774
0.492774
-0.226226
0.299774
-0.414226
-0.481226
-0.113226
0.375774
0.494774
-0.067226
-0.401226
0.419774
0.045774
-0.390226
-0.020226
-0.258226
0.450774
0.239774
-0.224226
-0.021226
-0.166226
0.137774
0.412774
0.131774
-0.294226
0.007774
-0.228226
0.419774
0.476774
0.232774
0.410774
-0.464226
-0.428226
0.030774
-0.318226
-0.348226
0.396774
0.062774
-0.126226
0.385774
-0.157226
-0.033226
-0.348226
-0.265226
0.422774
0.125774
-0.029226
-0.279226
0.211774
-0.406226
-0.454226
-0.460226
-0.422226
0.452774
0.166774
-0.222226
-0.045226
-0.215226
0.043774
0.278774
-0.488226
0.300774
-0.339226
-0.070226
-0.173226
-0.163226
0.427774
0.069774
-0.254226
-0.203226
0.301774
0.082774
-0.390226
0.447774
0.312774
-0.472226
0.067774
0.129774
0.094774
-0.226226
0.217774
0.486774
0.160774
0.289774
0.433774
-0.178226
-0.086226
0.234774
0.100774
-0.196226
0.359774
0.458774
-0.400226
-0.485226
-0.117226
0.272774
0.197774
-0.195226
-0.163226
0.438774
0.095774
-0.367226
0.015774
-0.447226
-0.425226
0.174774
-0.425226
0.488774
-0.200226
-0.484226
0.108774
-0.136226
0.496774
-0.236226
0.000774
-0.223226
0.431774
-0.239226
-0.142226
0.026774
0.059774
-0.287226
0.331774
0.153774
-0.278226
0.060774
-0.079226
0.414774
0.360774
-0.396226
-0.300226
0.302774
0.082774
-0.438226
-0.298226
0.503774
0.231774
0.122774
-0.161226
-0.122226
0.132774
0.441774
0.235774
0.475774
0.052774
-0.269226
-0.253226
-0.021226
-0.013226
0.099774
-0.147226
-0.107226
-0.341226
-0.321226
-0.459226
0.226774
-0.413226
0.307774
0.487774
-0.206226
-0.242226
-0.318226
-0.409226
0.334774
-0.261226
0.139774
0.332774
-0.183226
-0.243226
-0.334226
0.188774
0.384774
-0.046226
-0.081226
0.354774
0.500774
0.496774
-0.051226
0.326774
0.329774
-0.105226
-0.326226
-0.283226
0.399774
0.198774
0.103774
0.120774
0.279774
0.257774
0.103774
-0.432226
-0.490226
0.279774
0.005774
0.338774
-0.135226
-0.360226
-0.482226
0.175774
-0.109226
0.029774
-0.141226
-0.230226
0.477774
-0.375226
-0.028226
-0.174226
-0.032226
-0.233226
-0.353226
0.143774
-0.492226
-0.185226
0.354774
0.401774
-0.492226
0.304774
0.368774
-0.365226
0.056774
-0.033226
-0.303226
0.060774
-0.258226
0.196774
0.245774
0.452774
0.330774
0.257774
0.123774
0.068774
-0.218226
-0.171226
-0.315226
0.105774
-0.052226
0.502774
0.425774
-0.238226
-0.236226
-0.081226
0.399774
0.117774
0.227774
0.248774
0.365774
-0.417226
0.399774
0.229774
-0.288226
-0.049226
-0.309226
0.254774
-0.142226
0.278774
-0.053226
-0.402226
0.226774
0.123774
0.349774
0.196774
-0.313226
-0.022226
-0.480226
0.218774
-0.421226
0.314774
0.215774
-0.149226
-0.429226
0.474774
0.264774
0.465774
0.438774
0.338774
-0.439226
-0.348226
-0.232226
0.455774
0.375774
0.325774
0.252774
-0.087226
0.075774
-0.394226
0.038774
-0.131226
-0.302226
0.111774
-0.161226
-0.105226
-0.197226
0.372774
-0.281226
-0.183226
0.085774
0.143774
-0.022226
-0.204226
0.489774
0.043774
0.116774
-0.399226
0.003774
0.050774
0.433774
0.410774
0.196774
0.048774
0.360774
0.418774
-0.131226
0.108774
-0.174226
0.438774
-0.439226
0.358774
0.153774
0.104774
-0.035226
0.487774
-0.154226
-0.386226
0.354774
0.059774
0.277774
-0.065226
-0.302226
-0.250226
0.224774
0.033774
-0.360226
-0.163226
0.128774
0.489774
-0.266226
0.409774
0.395774
-0.223226
-0.047226
0.250774
-0.310226
0.315774
0.205774
0.361774
-0.398226
-0.387226
0.215774
0.249774
0.212774
0.026774
-0.416226
-0.095226
0.487774
0.432774
0.458774
0.259774
0.213774
0.003774
0.503774
0.285774
-0.468226
-0.009226
-0.383226
-0.492226
-0.025226
0.196774
0.411774
-0.135226
0.467774
0.210774
-0.037226
-0.348226
0.372774
0.014774
-0.492226
0.468774
0.122774
-0.430226
-0.434226
0.181774
0.443774
-0.356226
-0.419226
0.425774
-0.076226
-0.113226
0.179774
-0.368226
0.384774
-0.470226
0.411774
-0.237226
0.014774
-0.125226
-0.235226
0.484774
-0.082226
0.022774
0.195774
-0.120226
-0.272226
-0.347226
0.377774
-0.404226
0.162774
-0.267226
-0.089226
0.131774
-0.203226
-0.029226
-0.192226
0.086774
0.461774
0.234774
0.006774
0.231774
-0.384226
0.032774
-0.290226
-0.153226
0.409774
-0.031226
0.104774
0.270774
-0.310226
0.363774
-0.398226
0.102774
-0.118226
0.292774
0.476774
0.103774
0.439774
0.349774
-0.454226
0.448774
-0.423226
-0.048226
0.074774
0.219774
-0.231226
-0.271226
-0.198226
0.076774
0.458774
-0.345226
-0.197226
-0.079226
-0.465226
0.007774
0.262774
0.438774
-0.177226
-0.138226
0.203774
0.006774
0.071774
0.300774
-0.396226
-0.200226
0.439774
-0.072226
-0.249226
0.373774
0.123774
-0.209226
-0.330226
-0.453226
0.236774
0.238774
0.260774
-0.147226
0.462774
-0.091226
0.423774
-0.232226
0.410774
-0.278226
0.182774
0.439774
-0.424226
0.291774
-0.275226
-0.107226
-0.000226
-0.225226
-0.254226
-0.433226
-0.078226
-0.155226
-0.139226
-0.144226
0.266774
0.105774
0.076774
0.236774
-0.256226
0.240774
0.277774
-0.173226
0.325774
0.032774
0.173774
-0.365226
-0.211226
0.092774
-0.103226
-0.306226
-0.339226
-0.073226
-0.020226
0.082774
-0.287226
-0.449226
0.469774
0.207774
-0.180226
-0.290226
-0.379226
0.236774
0.400774
0.327774
-0.061226
-0.486226
0.280774
-0.490226
0.244774
-0.481226
-0.403226
0.016774
-0.160226
0.417774
-0.103226
-0.139226
-0.453226
-0.468226
-0.200226
0.290774
0.071774
-0.045226
0.063774
-0.454226
-0.468226
0.270774
-0.409226
-0.152226
0.324774
0.256774
0.403774
-0.208226
0.339774
0.299774
-0.385226
-0.226226
-0.340226
0.389774
0.129774
0.399774
-0.245226
0.221774
0.262774
0.088774
0.133774
-0.346226
-0.204226
-0.473226
0.031774
0.089774
-0.336226
-0.402226
-0.461226
0.221774
-0.362226
-0.083226
0.339774
0.074774
0.258774
0.158774
-0.173226
-0.490226
-0.202226
-0.339226
0.303774
-0.093226
0.280774
-0.190226
0.142774
-0.094226
-0.296226
0.391774
-0.378226
-0.186226
0.326774
-0.398226
0.313774
-0.382226
-0.377226
-0.159226
0.201774
-0.218226
-0.067226
-0.412226
-0.150226
0.065774
0.350774
-0.316226
-0.013226
0.104774
-0.310226
-0.340226
0.460774
-0.018226
-0.184226
0.258774
-0.265226
-0.057226
-0.085226
-0.276226
0.342774
0.113774
-0.038226
0.458774
0.421774
-0.217226
-0.093226
-0.418226
0.246774
0.024774
-0.083226
0.295774
-0.347226
0.344774
-0.270226
-0.003226
0.256774
-0.425226
0.175774
-0.262226
-0.474226
0.359774
-0.107226
0.480774
0.187774
-0.445226
-0.414226
0.416774
-0.008226
-0.004226
-0.365226
-0.170226
-0.044226
0.090774
0.134774
-0.128226
-0.280226
-0.463226
0.299774
-0.186226
0.407774
-0.288226
-0.396226
-0.093226
-0.449226
0.179774
-0.250226
0.301774
0.248774
0.419774
-0.114226
0.269774
-0.374226
0.272774
0.244774
-0.340226
-0.326226
-0.322226
-0.429226
0.160774
0.167774
0.051774
-0.163226
-0.382226
-0.011226
-0.182226
0.335774
-0.444226
-0.151226
0.129774
-0.136226
0.102774
0.335774
0.313774
0.503774
-0.267226
-0.012226
-0.251226
-0.471226
-0.269226
0.014774
0.261774
-0.153226
0.487774
0.028774
-0.061226
-0.358226
-0.450226
0.110774
0.059774
-0.443226
0.124774
-0.042226
0.239774
0.236774
-0.206226
-0.448226
0.418774
-0.156226
0.247774
0.042774
-0.446226
-0.155226
0.225774
0.361774
0.195774
0.452774
0.195774
-0.209226
-0.171226
0.420774
0.299774
-0.415226
0.114774
-0.366226
0.459774
-0.452226
-0.229226
0.503774
0.504774
-0.323226
-0.093226
0.123774
0.480774
-0.359226
-0.145226
-0.231226
-0.312226
-0.232226
0.458774
-0.218226
-0.343226
-0.493226
0.472774
0.376774
0.362774
0.162774
-0.323226
0.052774
0.447774
-0.000226
0.320774
-0.405226
0.078774
0.281774
-0.277226
0.384774
0.323774
0.339774
-0.264226
-0.325226
-0.137226
0.136774
0.292774
-0.161226
0.272774
-0.006226
0.101774
-0.193226
0.255774
0.055774
0.082774
-0.241226
0.056774
0.049774
-0.369226
0.266774
0.059774
-0.198226
0.165774
0.353774
-0.352226
0.332774
0.442774
-0.427226
0.108774
0.012774
0.451774
0.278774
-0.153226
-0.318226
0.447774
0.204774
-0.334226
-0.413226
-0.110226
0.432774
0.074774
0.485774
-0.266226
0.176774
0.387774
-0.337226
0.430774
0.291774
-0.441226
-0.092226
0.052774
0.112774
-0.444226
0.064774
0.313774
-0.302226
0.244774
0.250774
-0.235226
-0.152226
0.109774
0.062774
-0.026226
0.451774
-0.408226
0.267774
0.502774
-0.248226
0.349774
-0.113226
-0.321226
-0.081226
0.218774
0.258774
-0.409226
0.101774
-0.232226
-0.484226
-0.112226
-0.179226
0.269774
-0.213226
-0.219226
0.319774
0.345774
-0.411226
-0.488226
0.084774
0.333774
0.122774
-0.220226
-0.061226
0.031774
-0.400226
0.236774
0.117774
0.361774
-0.414226
0.363774
0.205774
0.318774
-0.111226
-0.028226
0.383774
-0.358226
0.056774
-0.020226
-0.096226
0.418774
-0.286226
-0.428226
0.182774
-0.005226
-0.153226
-0.003226
0.187774
-0.070226
0.354774
0.118774
-0.242226
0.323774
-0.255226
-0.457226
-0.150226
-0.161226
-0.374226
0.462774
-0.304226
0.057774
-0.327226
-0.252226
0.222774
0.056774
0.213774
0.101774
-0.455226
0.116774
-0.072226
0.295774
0.029774
0.136774
0.361774
0.058774
-0.022226
-0.297226
-0.098226
-0.340226
0.126774
0.102774
0.273774
-0.269226
-0.079226
-0.487226
0.120774
-0.382226
0.198774
-0.407226
-0.073226
0.388774
0.497774
0.093774
-0.017226
0.214774
-0.003226
-0.308226
0.162774
0.388774
0.302774
-0.414226
0.178774
0.179774
0.216774
0.034774
-0.267226
-0.311226
-0.416226
0.129774
0.195774
0.204774
-0.273226
-0.036226
-0.218226
0.494774
0.322774
-0.251226
-0.393226
0.015774
-0.163226
0.379774
0.250774
0.180774
0.319774
-0.271226
-0.110226
-0.188226
0.266774
-0.100226
-0.305226
0.063774
-0.020226
-0.280226
0.089774
0.042774
0.248774
0.317774
-0.422226
-0.321226
0.293774
0.267774
-0.270226
-0.133226
0.077774
0.005774
-0.144226
0.247774
-0.398226
0.308774
-0.242226
-0.067226
-0.465226
-0.144226
-0.040226
0.349774
0.078774
0.343774
-0.344226
0.191774
0.089774
0.196774
-0.250226
-0.436226
0.410774
0.334774
0.100774
-0.494226
0.498774
-0.474226
-0.321226
0.286774
0.287774
0.254774
-0.352226
-0.139226
-0.245226
0.350774
-0.397226
0.202774
-0.494226
0.206774
-0.018226
-0.464226
-0.091226
0.435774
0.379774
-0.166226
-0.373226
-0.118226
-0.480226
0.210774
-0.075226
0.116774
0.269774
0.181774
-0.054226
0.216774
-0.466226
0.290774
0.236774
-0.293226
0.071774
0.371774
-0.192226
-0.434226
0.078774
0.408774
-0.237226
-0.472226
0.106774
-0.236226
-0.419226
-0.417226
0.145774
-0.015226
-0.486226
0.019774
0.312774
-0.365226
-0.252226
0.327774
0.339774
-0.481226
-0.061226
0.455774
0.194774
-0.269226
-0.480226
0.222774
-0.484226
-0.397226
-0.224226
0.433774
0.468774
0.077774
-0.154226
0.393774
-0.019226
0.103774
0.415774
-0.418226
-0.286226
0.491774
-0.340226
0.353774
-0.029226
-0.332226
0.219774
0.129774
0.148774
-0.186226
-0.048226
-0.017226
-0.173226
0.384774
0.285774
-0.484226
-0.038226
0.299774
-0.415226
-0.028226
0.396774
-0.145226
0.251774
-0.287226
-0.221226
-0.407226
-0.399226
0.253774
-0.457226
-0.488226
-0.317226
-0.249226
0.497774
-0.163226
-0.049226
0.314774
0.350774
0.016774
-0.061226
0.345774
0.324774
-0.262226
-0.177226
-0.354226
-0.383226
-0.045226
0.007774
0.425774
-0.251226
0.086774
0.243774
-0.359226
-0.212226
-0.009226
-0.152226
0.060774
0.429774
-0.057226
-0.191226
0.466774
0.300774
-0.014226
0.063774
0.292774
-0.331226
-0.139226
0.453774
-0.134226
0.371774
0.239774
-0.294226
0.190774
0.471774
0.375774
-0.317226
-0.065226
-0.175226
0.184774
-0.145226
0.068774
0.117774
-0.406226
-0.444226
0.399774
0.430774
0.249774
-0.045226
0.354774
-0.313226
-0.390226
-0.332226
-0.165226
0.442774
-0.422226
-0.026226
-0.394226
-0.067226
-0.077226
0.318774
0.150774
-0.343226
-0.481226
-0.164226
-0.025226
-0.259226
0.364774
0.403774
0.060774
0.043774
-0.246226
-0.024226
-0.344226
0.193774
0.025774
-0.098226
0.118774
-0.230226
0.350774
-0.032226
0.302774
0.454774
0.481774
-0.368226
0.391774
-0.446226
0.100774
-0.155226
-0.019226
-0.130226
-0.342226
-0.374226
0.372774
0.022774
0.307774
-0.158226
0.258774
0.166774
0.091774
0.165774
0.056774
0.339774
-0.364226
-0.441226
0.379774
0.155774
-0.045226
-0.007226
-0.228226
0.151774
-0.193226
-0.079226
0.100774
-0.217226
0.399774
0.339774
0.182774
0.346774
0.030774
0.009774
0.062774
-0.465226
0.481774
-0.070226
0.051774
0.283774
-0.382226
0.156774
0.296774
0.203774
-0.183226
0.199774
0.390774
-0.053226
0.252774
0.264774
-0.051226
-0.298226
0.104774
-0.433226
0.347774
-0.242226
-0.017226
0.295774
0.035774
0.228774
0.481774
0.064774
0.421774
0.006774
-0.430226
-0.021226
0.035774
-0.454226
-0.245226
-0.066226
-0.323226
-0.133226
-0.414226
0.467774
-0.083226
-0.103226
0.162774
-0.198226
0.338774
0.261774
-0.086226
0.133774
-0.189226
-0.135226
0.195774
-0.347226
0.116774
0.024774
-0.205226
-0.001226
-0.252226
-0.229226
-0.441226
0.015774
-0.376226
-0.377226
0.488774
-0.494226
0.014774
-0.262226
-0.065226
0.185774
0.450774
0.366774
0.500774
-0.138226
-0.242226
-0.490226
-0.489226
-0.057226
0.265774
0.270774
-0.428226
-0.077226
-0.370226
-0.386226
0.070774
-0.407226
0.132774
-0.288226
0.086774
-0.273226
0.329774
0.491774
0.236774
-0.200226
-0.039226
-0.428226
-0.199226
0.469774
-0.196226
-0.418226
0.502774
-0.251226
0.442774
-0.150226
0.456774
0.046774
-0.146226
0.461774
0.484774
-0.034226
0.226774
-0.097226
0.383774
-0.297226
0.362774
0.300774
-0.209226
0.341774
-0.141226
-0.276226
-0.437226
0.034774
-0.290226
-0.354226
0.329774
-0.483226
-0.288226
-0.023226
-0.167226
0.361774
0.052774
0.181774
-0.043226
0.341774
-0.474226
-0.092226
-0.117226
0.225774
0.216774
0.213774
0.038774
-0.062226
-0.037226
0.268774
0.487774
-0.180226
0.415774
-0.227226
-0.344226
-0.231226
0.342774
0.064774
0.298774
-0.453226
-0.443226
0.474774
-0.090226
0.114774
-0.054226
0.236774
-0.029226
-0.155226
-0.086226
-0.226226
-0.319226
0.285774
-0.471226
0.409774
0.006774
0.239774
0.118774
-0.460226
0.023774
-0.072226
0.302774
0.005774
0.242774
-0.435226
-0.375226
0.392774
-0.172226
0.461774
0.304774
-0.027226
-0.145226
0.355774
-0.058226
0.258774
-0.034226
-0.266226
0.342774
-0.217226
0.072774
0.102774
0.051774
0.247774
-0.117226
0.074774
0.152774
-0.264226
0.160774
0.117774
-0.230226
-0.321226
-0.460226
-0.081226
-0.468226
-0.371226
-0.022226
-0.349226
-0.131226
-0.347226
-0.040226
-0.332226
0.471774
0.308774
-0.482226
0.260774
0.414774
0.329774
0.488774
0.251774
-0.392226
0.056774
0.200774
0.153774
0.150774
-0.422226
0.074774
0.149774
-0.191226
-0.270226
-0.238226
0.424774
0.254774
0.148774
0.190774
-0.367226
0.271774
0.014774
0.130774
-0.365226
-0.486226
-0.415226
0.148774
0.480774
-0.260226
0.161774
0.235774
-0.351226
0.337774
0.218774
-0.253226
0.439774
0.121774
0.441774
0.439774
-0.232226
-0.485226
0.008774
-0.236226
0.169774
-0.415226
0.020774
0.440774
-0.313226
0.015774
0.125774
-0.186226
0.133774
-0.012226
0.438774
-0.384226
-0.004226
-0.130226
0.258774
-0.029226
0.104774
0.266774
0.052774
0.247774
0.099774
0.118774
-0.158226
0.033774
-0.265226
-0.222226
0.320774
0.348774
0.138774
0.175774
-0.392226
0.154774
0.255774
0.474774
0.090774
-0.211226
0.336774
0.062774
0.096774
-0.035226
-0.455226
0.382774
0.074774
0.035774
-0.253226
-0.171226
-0.147226
0.345774
-0.058226
0.400774
0.440774
-0.464226
0.013774
0.128774
0.416774
-0.405226
-0.247226
0.231774
-0.209226
0.386774
-0.098226
-0.107226
0.387774
0.003774
0.213774
-0.027226
0.286774
0.044774
-0.469226
0.230774
0.503774
-0.078226
0.459774
0.073774
0.451774
-0.299226
-0.251226
-0.200226
-0.106226
0.184774
0.046774
0.180774
-0.432226
-0.093226
0.155774
0.478774
-0.004226
0.402774
-0.443226
-0.367226
0.283774
-0.047226
0.019774
-0.481226
-0.196226
-0.272226
-0.014226
-0.063226
0.266774
0.362774
0.013774
-0.382226
-0.220226
-0.032226
-0.462226
0.077774
-0.484226
-0.219226
-0.276226
0.255774
-0.188226
0.264774
0.282774
-0.126226
-0.334226
-0.067226
-0.153226
-0.491226
-0.170226
-0.102226
-0.364226
-0.039226
-0.302226
0.502774
-0.026226
-0.004226
0.076774
-0.194226
-0.221226
0.190774
-0.336226
0.287774
0.302774
0.289774
-0.250226
0.334774
-0.138226
0.111774
-0.038226
0.080774
-0.138226
0.267774
0.191774
-0.361226
-0.011226
-0.295226
0.417774
-0.318226
-0.292226
-0.257226
0.426774
0.189774
-0.450226
-0.381226
-0.461226
0.017774
0.460774
0.110774
-0.330226
0.085774
0.147774
-0.172226
-0.132226
-0.055226
-0.036226
0.464774
0.125774
-0.327226
0.070774
-0.066226
-0.400226
-0.220226
0.047774
0.285774
-0.087226
-0.469226
0.484774
-0.174226
0.059774
0.038774
0.414774
-0.019226
0.075774
0.458774
0.445774
0.108774
0.322774
-0.247226
0.065774
0.486774
0.332774
-0.292226
0.161774
-0.304226
0.498774
-0.380226
0.006774
0.470774
0.138774
-0.428226
-0.101226
0.232774
-0.154226
0.441774
0.365774
-0.394226
-0.181226
0.344774
0.277774
0.372774
0.230774
0.186774
0.199774
-0.199226
0.491774
0.139774
-0.244226
0.308774
0.386774
0.316774
-0.358226
-0.433226
-0.481226
0.297774
0.108774
-0.135226
-0.235226
-0.390226
-0.170226
0.397774
-0.324226
0.223774
0.477774
0.368774
-0.488226
0.337774
0.468774
0.176774
-0.471226
0.240774
0.396774
0.253774
0.273774
0.090774
-0.451226
-0.388226
0.077774
-0.200226
-0.233226
0.310774
-0.037226
-0.097226
0.371774
-0.024226
0.047774
-0.025226
-0.313226
-0.341226
0.078774
0.011774
-0.449226
-0.398226
0.081774
-0.125226
0.464774
0.439774
-0.293226
0.427774
0.110774
0.082774
-0.485226
0.001774
-0.169226
-0.365226
-0.060226
0.226774
0.092774
-0.488226
-0.479226
0.353774
0.316774
-0.022226
0.102774
0.183774
-0.200226
-0.355226
-0.347226
0.333774
-0.202226
-0.421226
-0.160226
0.195774
-0.325226
-0.232226
-0.435226
-0.366226
-0.298226
0.118774
-0.092226
0.306774
-0.304226
0.268774
0.155774
0.020774
-0.250226
-0.058226
-0.258226
0.336774
-0.052226
0.108774
0.184774
-0.241226
-0.067226
-0.218226
-0.211226
-0.420226
0.273774
0.288774
0.407774
-0.434226
0.361774
-0.258226
0.255774
-0.117226
0.355774
-0.332226
0.362774
-0.448226
-0.367226
0.116774
-0.295226
-0.177226
0.231774
0.354774
-0.310226
0.475774
-0.209226
0.278774
0.306774
-0.415226
0.233774
0.337774
0.190774
0.013774
-0.034226
0.473774
0.087774
-0.266226
-0.391226
-0.010226
0.146774
-0.183226
-0.422226
0.248774
0.193774
0.427774
0.410774
0.402774
-0.174226
-0.462226
0.013774
0.024774
0.206774
-0.260226
0.226774
-0.256226
-0.290226
-0.136226
-0.131226
-0.137226
-0.056226
-0.051226
0.046774
-0.019226
0.456774
-0.492226
-0.051226
0.038774
0.087774
0.404774
-0.125226
-0.271226
-0.284226
0.298774
0.472774
-0.243226
-0.427226
-0.270226
-0.346226
-0.107226
0.114774
-0.485226
-0.235226
0.167774
-0.251226
0.485774
0.405774
0.305774
-0.156226
0.120774
0.014774
-0.366226
-0.435226
-0.443226
0.108774
-0.132226
-0.089226
-0.095226
-0.246226
-0.155226
-0.196226
0.474774
0.068774
0.365774
0.268774
0.387774
-0.383226
-0.312226
-0.388226
0.117774
0.075774
0.220774
0.126774
0.334774
-0.116226
-0.278226
-0.333226
0.135774
-0.478226
0.004774
0.103774
0.383774
0.485774
-0.485226
0.434774
0.440774
-0.123226
0.191774
-0.160226
0.124774
-0.469226
0.489774
0.094774
0.445774
-0.297226
0.209774
0.327774
-0.186226
0.391774
0.434774
-0.222226
0.313774
0.501774
0.398774
0.142774
0.231774
-0.384226
0.303774
0.214774
-0.016226
0.155774
-0.187226
-0.138226
0.487774
-0.178226
0.142774
0.422774
0.192774
-0.171226
0.109774
0.164774
0.206774
0.445774
0.105774
0.146774
-0.357226
0.161774
0.321774
0.303774
0.047774
-0.397226
-0.424226
-0.143226
-0.401226
0.469774
-0.154226
-0.322226
-0.068226
-0.003226
0.386774
0.409774
-0.001226
-0.306226
-0.233226
-0.019226
0.009774
-0.244226
0.249774
0.048774
0.079774
0.205774
0.059774
0.132774
0.146774
-0.340226
-0.226226
-0.364226
-0.332226
-0.410226
0.433774
0.210774
-0.313226
0.504774
-0.086226
0.132774
-0.179226
0.253774
0.304774
-0.401226
0.096774
0.185774
-0.145226
-0.410226
-0.274226
0.467774
0.064774
0.229774
-0.281226
0.161774
0.124774
-0.355226
-0.138226
0.031774
0.271774
0.502774
-0.462226
-0.108226
-0.366226
-0.299226
0.328774
-0.086226
0.405774
-0.138226
0.264774
-0.186226
0.488774
-0.068226
-0.086226
-0.360226
0.024774
-0.494226
0.319774
0.374774
-0.058226
-0.108226
0.336774
0.501774
-0.384226
-0.098226
-0.490226
-0.412226
0.040774
-0.134226
0.113774
-0.193226
0.215774
0.145774
0.193774
-0.304226
0.340774
0.016774
0.103774
-0.407226
0.372774
-0.136226
0.252774
-0.291226
-0.358226
-0.338226
-0.157226
0.161774
0.013774
0.009774
0.382774
0.449774
0.395774
-0.434226
-0.202226
-0.141226
-0.037226
-0.198226
0.292774
0.497774
-0.485226
-0.099226
-0.200226
0.224774
-0.107226
-0.160226
-0.233226
-0.271226
-0.297226
0.364774
-0.184226
-0.430226
0.074774
-0.436226
0.124774
0.211774
0.071774
0.462774
0.219774
-0.068226
0.318774
0.448774
-0.124226
-0.439226
-0.491226
-0.479226
-0.086226
0.317774
-0.183226
-0.299226
0.310774
0.177774
0.447774
-0.043226
0.248774
-0.164226
-0.357226
-0.490226
0.410774
-0.160226
0.369774
-0.279226
0.255774
0.290774
0.130774
-0.124226
-0.003226
0.048774
0.184774
0.062774
0.474774
-0.002226
0.005774
-0.154226
0.404774
0.009774
0.212774
0.165774
-0.178226
-0.124226
-0.287226
-0.021226
-0.451226
-0.344226
-0.218226
0.291774
0.337774
-0.081226
0.296774
0.242774
0.252774
-0.487226
-0.190226
0.003774
0.297774
-0.212226
0.373774
0.141774
0.330774
0.052774
-0.301226
0.300774
-0.103226
0.199774
-0.007226
0.147774
0.055774
-0.300226
-0.192226
-0.276226
0.421774
0.015774
-0.450226
0.464774
-0.482226
-0.174226
-0.396226
0.349774
0.239774
0.394774
0.086774
-0.013226
-0.246226
-0.257226
-0.163226
-0.454226
0.024774
0.056774
-0.466226
-0.149226
-0.044226
-0.272226
-0.002226
0.346774
-0.226226
-0.163226
0.341774
0.323774
0.382774
-0.356226
-0.106226
0.298774
0.153774
-0.062226
-0.389226
0.165774
-0.389226
-0.291226
0.361774
0.344774
-0.050226
0.294774
0.177774
0.197774
-0.467226
-0.138226
0.237774
0.051774
0.412774
-0.381226
-0.251226
-0.136226
-0.159226
-0.407226
0.056774
0.108774
0.275774
-0.107226
0.278774
0.152774
0.031774
0.018774
0.298774
0.031774
0.451774
0.403774
0.044774
-0.443226
-0.393226
-0.099226
-0.252226
0.050774
0.042774
-0.228226
0.094774
0.069774
0.127774
0.178774
-0.032226
0.035774
0.291774
-0.436226
0.393774
-0.373226
0.002774
-0.055226
-0.418226
-0.226226
-0.315226
-0.293226
-0.227226
0.210774
0.220774
-0.434226
0.088774
-0.481226
-0.184226
-0.372226
-0.078226
0.268774
0.375774
0.163774
0.165774
0.264774
0.429774
-0.245226
-0.171226
0.052774
0.428774
-0.357226
-0.065226
-0.433226
0.052774
-0.177226
-0.311226
-0.449226
-0.386226
0.116774
0.170774
-0.207226
0.318774
0.437774
-0.150226
0.385774
-0.149226
0.433774
0.398774
-0.487226
-0.092226
-0.185226
0.276774
0.129774
-0.175226
0.288774
-0.111226
0.100774
-0.461226
-0.436226
-0.352226
-0.186226
0.053774
0.076774
0.226774
-0.399226
-0.254226
-0.238226
-0.002226
-0.145226
0.373774
-0.337226
0.141774
-0.461226
-0.052226
0.486774
0.418774
0.292774
-0.233226
-0.336226
0.299774
0.168774
0.324774
0.422774
-0.206226
-0.356226
0.206774
-0.471226
0.238774
-0.408226
-0.412226
-0.266226
0.251774
0.487774
-0.343226
-0.027226
-0.417226
0.249774
0.229774
0.075774
-0.401226
0.097774
-0.415226
-0.413226
0.482774
0.026774
-0.080226
-0.252226
-0.186226
0.180774
-0.094226
-0.039226
0.196774
-0.275226
-0.122226
-0.163226
0.214774
-0.069226
0.211774
0.299774
0.016774
0.293774
-0.120226
-0.237226
0.275774
0.031774
0.230774
-0.294226
-0.224226
-0.045226
-0.372226
0.220774
-0.101226
-0.293226
-0.346226
0.227774
-0.419226
0.068774
0.469774
0.240774
0.095774
-0.130226
-0.304226
0.138774
0.440774
0.420774
-0.178226
0.501774
-0.154226
-0.471226
0.295774
0.357774
0.316774
-0.329226
-0.033226
0.439774
-0.451226
-0.308226
-0.008226
-0.181226
0.492774
0.465774
-0.114226
0.237774
-0.333226
0.033774
-0.040226
0.093774
-0.051226
-0.076226
-0.170226
-0.460226
-0.360226
0.019774
-0.475226
-0.073226
-0.065226
-0.158226
-0.077226
-0.372226
-0.135226
0.065774
0.479774
0.027774
-0.417226
0.292774
0.313774
-0.374226
0.479774
-0.200226
0.290774
-0.181226
-0.240226
-0.329226
-0.096226
0.273774
-0.449226
-0.290226
-0.138226
-0.005226
0.128774
0.185774
0.380774
-0.385226
0.052774
0.399774
0.036774
-0.166226
-0.264226
-0.194226
-0.044226
0.446774
0.365774
0.281774
-0.030226
0.442774
0.069774
-0.222226
-0.085226
0.395774
0.424774
-0.300226
-0.291226
0.030774
-0.135226
0.458774
0.150774
0.262774
-0.336226
-0.492226
-0.248226
-0.361226
-0.460226
-0.373226
-0.252226
0.086774
-0.127226
-0.369226
0.415774
0.103774
-0.068226
-0.134226
0.396774
0.143774
-0.357226
-0.139226
0.081774
-0.441226
0.485774
-0.157226
0.448774
-0.243226
0.037774
-0.348226
0.281774
-0.251226
-0.042226
-0.072226
-0.494226
0.115774
0.281774
-0.248226
0.248774
0.315774
0.224774
-0.157226
0.249774
-0.407226
-0.031226
0.159774
-0.457226
0.394774
-0.128226
0.433774
0.384774
0.360774
0.141774
0.312774
0.413774
0.473774
-0.349226
-0.291226
-0.275226
0.182774
-0.144226
-0.147226
0.425774
-0.340226
-0.373226
-0.221226
0.269774
0.402774
0.024774
0.012774
-0.434226
-0.255226
0.349774
0.309774
0.183774
0.164774
0.315774
0.220774
0.405774
0.033774
0.148774
0.285774
0.241774
0.136774
0.092774
0.501774
0.104774
0.237774
-0.294226
0.323774
0.266774
0.407774
0.023774
-0.460226
-0.438226
0.144774
-0.187226
0.325774
0.042774
0.331774
0.184774
0.454774
-0.077226
0.380774
0.258774
-0.399226
0.392774
0.420774
-0.332226
0.292774
-0.051226
0.311774
0.072774
-0.315226
0.294774
0.012774
0.033774
-0.105226
-0.255226
0.233774
0.064774
-0.141226
0.135774
-0.417226
-0.107226
-0.456226
-0.425226
0.199774
-0.284226
0.111774
0.377774
-0.253226
0.412774
-0.204226
-0.378226
0.165774
0.242774
-0.139226
0.432774
0.405774
-0.351226
-0.124226
-0.436226
0.215774
0.407774
0.352774
0.074774
0.287774
-0.258226
0.314774
0.015774
-0.346226
0.019774
-0.002226
0.082774
0.406774
0.035774
0.151774
0.100774
0.245774
0.109774
-0.027226
0.486774
0.016774
-0.385226
-0.045226
0.028774
0.352774
0.310774
-0.044226
-0.395226
-0.194226
-0.321226
-0.337226
-0.132226
-0.419226
-0.138226
0.437774
-0.285226
0.098774
-0.401226
0.224774
-0.401226
0.112774
0.068774
0.175774
0.013774
-0.401226
-0.177226
-0.391226
-0.309226
0.426774
0.427774
0.023774
-0.061226
-0.462226
-0.175226
-0.186226
-0.263226
-0.018226
0.264774
-0.164226
0.281774
0.437774
0.344774
-0.003226
-0.135226
-0.299226
-0.071226
0.073774
-0.354226
0.021774
-0.207226
-0.261226
-0.371226
-0.292226
-0.238226
0.136774
-0.199226
0.430774
-0.408226
0.337774
0.351774
-0.134226
0.207774
0.136774
0.249774
-0.121226
0.445774
0.480774
0.355774
-0.443226
0.162774
0.483774
0.488774
0.353774
-0.025226
-0.152226
-0.450226
0.397774
0.415774
0.041774
0.265774
0.054774
-0.372226
0.388774
0.256774
-0.116226
0.371774
-0.096226
-0.191226
-0.190226
0.087774
0.006774
0.170774
0.141774
-0.009226
-0.085226
-0.485226
-0.069226
0.242774
-0.283226
-0.018226
-0.100226
-0.304226
0.316774
0.100774
-0.483226
0.010774
0.496774
-0.238226
-0.079226
0.032774
-0.478226
-0.178226
-0.493226
-0.242226
-0.075226
-0.115226
-0.024226
-0.325226
-0.460226
0.280774
-0.391226
0.041774
-0.054226
0.244774
-0.121226
-0.293226
-0.394226
-0.344226
0.443774
-0.182226
0.483774
0.190774
0.359774
0.294774
-0.214226
-0.277226
-0.200226
-0.223226
-0.021226
-0.433226
-0.344226
0.347774
0.234774
-0.342226
-0.048226
0.005774
0.388774
0.421774
-0.473226
0.423774
0.196774
-0.370226
0.311774
-0.011226
-0.279226
-0.315226
0.190774
-0.179226
0.186774
0.128774
0.484774
0.164774
0.165774
0.338774
-0.046226
0.445774
-0.443226
-0.400226
0.068774
0.381774
-0.339226
-0.428226
0.223774
-0.258226
-0.276226
-0.330226
0.241774
-0.041226
-0.413226
0.262774
0.228774
-0.370226
-0.261226
0.034774
0.113774
-0.046226
-0.434226
-0.201226
-0.379226
0.246774
-0.226226
-0.399226
-0.094226
0.434774
0.433774
-0.294226
-0.273226
-0.163226
-0.200226
-0.357226
-0.286226
0.306774
-0.291226
-0.216226
-0.457226
0.278774
0.300774
0.278774
-0.268226
-0.266226
0.387774
-0.192226
-0.142226
-0.379226
0.336774
-0.182226
0.068774
-0.250226
0.462774
0.184774
-0.157226
-0.268226
-0.368226
-0.404226
0.012774
-0.440226
0.147774
-0.414226
0.243774
0.442774
-0.277226
-0.196226
-0.404226
0.277774
0.081774
-0.366226
0.050774
0.228774
-0.241226
-0.370226
0.456774
-0.358226
-0.068226
-0.190226
-0.243226
0.114774
0.121774
-0.327226
-0.289226
0.079774
-0.296226
0.048774
-0.342226
-0.170226
0.490774
-0.483226
0.235774
0.132774
-0.403226
-0.026226
0.421774
0.166774
-0.376226
-0.487226
-0.061226
-0.447226
-0.359226
-0.163226
0.275774
-0.106226
0.312774
0.227774
0.381774
0.090774
-0.468226
-0.366226
-0.300226
0.499774
0.152774
0.257774
0.425774
0.350774
0.152774
-0.070226
0.026774
0.137774
-0.059226
-0.243226
0.116774
0.384774
-0.422226
0.033774
0.045774
-0.304226
0.040774
-0.169226
-0.257226
-0.472226
-0.486226
-0.486226
0.267774
0.320774
-0.412226
0.144774
-0.094226
-0.034226
-0.375226
0.452774
-0.040226
0.271774
-0.443226
0.232774
0.468774
0.203774
-0.343226
-0.010226
-0.164226
0.444774
-0.407226
-0.201226
-0.324226
0.016774
0.326774
-0.432226
0.207774
-0.138226
-0.107226
-0.203226
-0.116226
0.253774
0.156774
-0.353226
0.068774
0.238774
-0.362226
-0.178226
-0.301226
-0.243226
0.120774
-0.494226
-0.125226
0.171774
-0.415226
-0.162226
-0.130226
-0.264226
-0.326226
-0.448226
0.026774
0.112774
-0.155226
0.196774
-0.375226
0.018774
0.258774
-0.321226
-0.273226
-0.001226
0.321774
0.105774
-0.253226
-0.026226
-0.401226
-0.338226
0.058774
0.082774
-0.022226
-0.395226
0.333774
-0.055226
-0.043226
0.054774
-0.037226
0.035774
-0.261226
-0.321226
-0.382226
-0.093226
0.076774
0.139774
-0.486226
-0.231226
0.182774
-0.015226
0.281774
-0.063226
0.157774
0.502774
0.429774
-0.025226
0.454774
-0.329226
-0.205226
-0.100226
0.178774
-0.300226
0.476774
-0.348226
0.150774
-0.343226
0.442774
-0.398226
0.205774
-0.099226
0.483774
0.438774
0.073774
-0.403226
0.191774
-0.354226
-0.417226
-0.447226
-0.091226
0.259774
0.031774
0.036774
-0.309226
-0.315226
0.033774
-0.033226
0.153774
-0.016226
0.483774
-0.205226
0.377774
0.157774
-0.011226
-0.298226
-0.344226
-0.365226
-0.147226
-0.055226
0.082774
-0.094226
0.339774
0.061774
0.190774
0.260774
0.504774
-0.122226
0.400774
-0.418226
-0.075226
0.155774
-0.312226
-0.197226
-0.313226
0.225774
-0.018226
-0.433226
-0.313226
-0.018226
0.044774
0.017774
-0.377226
0.269774
0.021774
0.106774
-0.182226
0.171774
0.235774
0.164774
-0.389226
0.164774
-0.083226
-0.202226
-0.279226
-0.397226
-0.447226
-0.280226
0.326774
-0.200226
0.147774
0.097774
-0.198226
0.330774
0.394774
-0.017226
0.050774
0.223774
0.395774
0.231774
0.051774
-0.064226
0.095774
0.169774
0.051774
-0.388226
-0.229226
0.363774
0.277774
-0.147226
0.374774
-0.264226
-0.488226
-0.213226
0.027774
0.079774
0.235774
0.426774
0.293774
0.056774
-0.279226
0.288774
-0.351226
0.016774
0.113774
-0.110226
-0.154226
-0.341226
-0.392226
0.087774
-0.263226
0.154774
-0.482226
0.327774
0.170774
0.415774
0.433774
0.435774
0.273774
-0.441226
0.134774
0.495774
0.140774
0.492774
-0.223226
-0.337226
0.066774
-0.141226
-0.064226
0.207774
0.409774
0.502774
-0.009226
-0.095226
0.365774
-0.401226
0.288774
0.057774
0.103774
0.391774
-0.360226
0.334774
0.392774
-0.347226
0.156774
0.057774
-0.085226
0.437774
0.339774
0.035774
0.490774
0.320774
0.025774
0.125774
0.307774
-0.351226
-0.365226
0.221774
0.001774
0.064774
-0.076226
-0.094226
0.061774
-0.239226
-0.343226
0.273774
0.205774
0.439774
-0.174226
-0.196226
-0.322226
-0.040226
-0.367226
-0.083226
0.458774
-0.363226
-0.179226
-0.131226
-0.431226
-0.345226
0.398774
-0.446226
0.469774
0.270774
-0.474226
-0.375226
0.413774
-0.345226
0.340774
-0.090226
-0.434226
0.110774
-0.338226
0.473774
0.365774
0.164774
0.241774
0.417774
0.098774
-0.438226
-0.284226
-0.376226
0.367774
0.194774
0.034774
0.321774
0.325774
0.350774
0.036774
0.388774
-0.148226
-0.070226
0.436774
0.168774
0.046774
-0.191226
0.287774
-0.045226
-0.042226
0.474774
-0.289226
0.369774
0.079774
0.218774
-0.310226
0.291774
-0.122226
0.425774
0.203774
0.470774
-0.166226
-0.234226
-0.059226
-0.303226
0.454774
0.470774
-0.135226
0.275774
-0.332226
0.395774
-0.489226
0.365774
0.171774
-0.205226
0.028774
-0.287226
0.097774
0.162774
0.161774
-0.097226
0.483774
-0.281226
-0.233226
0.409774
0.431774
-0.048226
0.195774
-0.196226
0.223774
0.245774
0.120774
-0.095226
-0.142226
-0.443226
0.447774
-0.192226
-0.126226
0.158774
-0.070226
0.387774
0.048774
-0.065226
0.247774
0.066774
0.223774
0.123774
0.273774
-0.183226
0.132774
0.281774
0.213774
0.111774
0.494774
-0.173226
0.015774
-0.227226
-0.375226
0.058774
0.070774
-0.304226
-0.201226
-0.314226
0.094774
0.151774
0.088774
0.388774
-0.194226
0.456774
0.041774
-0.418226
0.338774
-0.063226
0.010774
0.433774
0.497774
0.081774
0.051774
0.265774
0.392774
-0.321226
0.393774
0.452774
0.284774
-0.265226
0.125774
0.147774
0.001774
0.245774
-0.299226
-0.433226
0.435774
-0.006226
0.098774
0.376774
-0.008226
-0.317226
-0.388226
-0.356226
-0.014226
0.147774
-0.280226
0.171774
-0.421226
-0.422226
0.099774
-0.429226
0.153774
-0.002226
-0.317226
0.392774
0.170774
-0.077226
0.339774
0.302774
0.151774
-0.040226
-0.055226
-0.352226
0.051774
0.139774
0.060774
0.333774
-0.020226
0.005774
-0.443226
-0.181226
-0.465226
-0.337226
0.308774
0.367774
-0.343226
-0.124226
0.033774
-0.270226
-0.052226
-0.020226
0.146774
-0.404226
0.471774
-0.324226
0.482774
0.488774
0.092774
-0.331226
-0.362226
0.090774
0.474774
0.428774
-0.415226
0.373774
0.414774
0.491774
0.201774
-0.110226
-0.007226
-0.394226
-0.445226
0.373774
-0.237226
-0.290226
0.235774
-0.085226
0.079774
0.115774
0.490774
-0.478226
-0.410226
0.132774
-0.036226
-0.092226
-0.345226
-0.059226
0.243774
0.242774
0.455774
0.375774
0.179774
0.425774
0.299774
0.259774
-0.354226
0.208774
0.245774
0.341774
-0.055226
0.084774
0.441774
0.345774
-0.046226
0.051774
-0.449226
0.035774
0.460774
0.124774
-0.001226
0.445774
0.141774
0.434774
0.424774
-0.400226
-0.162226
-0.425226
0.387774
-0.072226
-0.336226
-0.310226
-0.202226
0.337774
-0.038226
-0.056226
0.443774
0.101774
-0.000226
0.184774
0.290774
0.438774
-0.236226
-0.421226
-0.368226
-0.436226
0.124774
-0.323226
0.446774
0.431774
0.295774
-0.060226
-0.275226
0.283774
-0.131226
-0.356226
-0.269226
-0.447226
0.064774
-0.035226
-0.025226
-0.425226
0.148774
-0.380226
-0.240226
-0.394226
0.057774
-0.302226
0.201774
-0.448226
-0.271226
-0.013226
-0.162226
-0.012226
0.060774
-0.036226
0.397774
0.031774
0.134774
0.338774
-0.041226
0.276774
-0.227226
0.177774
0.407774
0.488774
-0.332226
-0.367226
-0.112226
-0.420226
0.443774
-0.290226
0.000774
0.086774
-0.176226
0.254774
0.186774
-0.272226
-0.200226
-0.116226
-0.225226
0.022774
-0.283226
0.458774
-0.143226
-0.376226
-0.083226
-0.250226
0.150774
-0.102226
-0.417226
-0.044226
0.020774
0.202774
-0.372226
0.274774
-0.462226
0.141774
-0.246226
-0.080226
-0.432226
-0.308226
0.123774
0.063774
0.273774
-0.206226
0.164774
-0.045226
0.016774
0.458774
-0.315226
-0.362226
0.328774
0.248774
-0.409226
-0.320226
0.366774
0.001774
-0.076226
0.363774
-0.254226
0.353774
-0.186226
-0.387226
0.050774
0.287774
0.382774
0.082774
-0.075226
-0.369226
-0.151226
0.338774
-0.182226
-0.180226
-0.103226
-0.062226
0.107774
-0.443226
0.386774
-0.381226
-0.138226
-0.081226
-0.249226
-0.315226
-0.338226
-0.164226
0.211774
-0.125226
-0.316226
-0.018226
-0.266226
0.275774
-0.170226
0.041774
0.383774
-0.273226
0.176774
0.260774
-0.344226
-0.052226
-0.262226
-0.000226
-0.219226
0.401774
0.313774
-0.475226
-0.166226
-0.084226
-0.424226
-0.284226
0.381774
0.283774
0.480774
-0.373226
-0.184226
-0.011226
0.309774
-0.126226
0.357774
-0.160226
0.349774
-0.062226
-0.389226
-0.325226
-0.173226
0.488774
-0.104226
0.497774
-0.404226
0.046774
-0.060226
0.179774
-0.107226
-0.433226
0.076774
-0.299226
-0.414226
0.404774
0.462774
0.007774
-0.033226
0.338774
-0.213226
-0.058226
-0.187226
0.448774
-0.223226
-0.383226
-0.183226
-0.370226
-0.049226
-0.339226
0.061774
0.407774
0.181774
-0.265226
-0.257226
-0.427226
-0.273226
0.184774
0.465774
-0.487226
-0.140226
-0.147226
-0.425226
0.430774
0.047774
-0.345226
-0.318226
0.356774
-0.490226
0.143774
0.190774
0.142774
-0.068226
-0.150226
0.085774
-0.444226
-0.039226
-0.251226
-0.320226
-0.242226
-0.096226
-0.412226
-0.339226
-0.419226
-0.182226
-0.102226
-0.000226
0.390774
-0.422226
0.311774
0.398774
0.283774
-0.341226
-0.180226
-0.439226
-0.447226
0.320774
-0.263226
0.403774
0.324774
-0.273226
0.440774
-0.038226
-0.494226
-0.215226
-0.458226
-0.444226
-0.408226
-0.215226
0.081774
-0.155226
-0.464226
-0.484226
0.351774
-0.037226
0.179774
0.095774
-0.191226
0.065774
-0.480226
-0.385226
-0.041226
0.297774
-0.232226
-0.375226
-0.295226
0.166774
0.439774
0.288774
0.064774
0.259774
-0.138226
0.352774
-0.284226
-0.138226
-0.368226
0.104774
0.263774
-0.281226
-0.264226
0.191774
0.409774
0.117774
0.202774
-0.392226
-0.425226
-0.123226
0.197774
0.229774
0.436774
-0.435226
0.338774
0.241774
0.356774
-0.047226
0.360774
-0.091226
-0.034226
-0.352226
-0.308226
-0.474226
0.401774
0.047774
-0.275226
-0.388226
-0.243226
-0.149226
-0.437226
-0.485226
0.415774
-0.206226
-0.446226
-0.328226
0.405774
0.250774
-0.226226
-0.172226
-0.378226
-0.181226
-0.096226
-0.094226
-0.122226
0.089774
-0.006226
0.080774
-0.463226
0.201774
0.483774
-0.002226
0.343774
-0.330226
0.369774
-0.408226
-0.435226
-0.411226
-0.302226
-0.184226
0.285774
0.107774
0.176774
-0.451226
0.395774
0.224774
0.066774
-0.352226
-0.030226
-0.312226
0.321774
0.438774
0.000774
-0.279226
0.190774
-0.275226
0.304774
-0.321226
0.299774
-0.312226
-0.273226
-0.369226
-0.468226
-0.435226
0.146774
0.395774
-0.349226
0.205774
-0.169226
0.195774
-0.484226
-0.036226
0.149774
-0.460226
0.358774
0.391774
0.258774
-0.080226
-0.466226
0.075774
0.101774
0.350774
0.008774
-0.051226
-0.082226
0.045774
0.167774
-0.283226
-0.429226
0.314774
-0.101226
-0.207226
0.439774
-0.074226
0.203774
0.432774
0.167774
-0.298226
0.485774
-0.154226
-0.256226
-0.152226
0.303774
0.387774
-0.118226
0.156774
0.273774
-0.364226
-0.077226
-0.346226
0.205774
-0.480226
0.498774
0.060774
-0.037226
0.262774
-0.047226
-0.374226
0.473774
0.017774
-0.213226
0.219774
-0.343226
0.072774
-0.360226
0.355774
-0.000226
-0.346226
-0.448226
-0.020226
-0.006226
0.141774
0.322774
0.143774
0.023774
-0.301226
0.146774
0.143774
0.180774
-0.435226
0.291774
0.232774
-0.069226
-0.362226
0.139774
0.387774
0.394774
-0.413226
-0.140226
-0.284226
0.451774
0.140774
0.429774
-0.397226
0.059774
-0.084226
0.452774
-0.445226
0.063774
-0.149226
0.380774
-0.095226
0.486774
-0.450226
-0.105226
0.356774
0.095774
-0.111226
0.346774
-0.229226
-0.052226
0.133774
-0.149226
-0.275226
0.265774
0.484774
-0.393226
-0.493226
-0.081226
0.313774
-0.283226
-0.135226
-0.051226
-0.359226
-0.038226
0.503774
0.050774
0.261774
-0.095226
-0.038226
-0.041226
0.131774
0.360774
0.292774
0.176774
0.101774
0.143774
-0.233226
0.484774
-0.014226
0.031774
0.278774
-0.034226
-0.271226
0.497774
0.077774
-0.291226
-0.400226
0.078774
0.473774
0.407774
-0.357226
-0.167226
0.202774
-0.222226
-0.359226
-0.447226
-0.324226
0.396774
0.303774
0.483774
-0.149226
-0.069226
0.338774
-0.010226
-0.046226
0.286774
-0.372226
0.214774
0.266774
0.459774
0.092774
0.039774
0.271774
0.316774
0.032774
-0.156226
-0.128226
0.478774
-0.230226
-0.160226
-0.267226
0.258774
-0.481226
-0.218226
-0.117226
-0.346226
-0.170226
0.052774
-0.102226
-0.020226
0.030774
-0.405226
-0.243226
0.215774
0.078774
0.204774
-0.002226
-0.447226
-0.086226
0.110774
-0.140226
0.501774
-0.355226
-0.374226
-0.335226
0.171774
0.316774
0.030774
0.496774
-0.067226
-0.283226
-0.276226
-0.314226
-0.270226
0.000774
0.414774
0.229774
-0.323226
0.314774
-0.026226
0.502774
-0.160226
0.062774
-0.245226
-0.097226
-0.364226
0.453774
-0.253226
0.035774
0.214774
0.351774
0.389774
-0.437226
-0.157226
-0.138226
-0.278226
-0.490226
0.024774
-0.401226
-0.147226
0.451774
-0.190226
0.071774
-0.016226
0.385774
-0.081226
-0.106226
0.461774
0.089774
-0.297226
-0.069226
0.086774
0.388774
0.487774
0.335774
0.137774
-0.029226
-0.363226
-0.269226
-0.147226
0.345774
-0.423226
-0.263226
0.402774
-0.085226
0.444774
-0.029226
0.270774
-0.035226
0.063774
-0.382226
0.262774
-0.280226
-0.464226
-0.258226
-0.048226
-0.051226
0.481774
-0.092226
-0.115226
0.030774
-0.315226
0.466774
0.265774
-0.332226
-0.351226
-0.101226
0.484774
0.131774
0.123774
-0.168226
-0.028226
-0.452226
0.414774
0.220774
0.308774
0.353774
0.037774
0.073774
0.164774
-0.404226
-0.462226
-0.077226
0.161774
-0.079226
-0.489226
-0.392226
0.363774
-0.161226
0.362774
-0.256226
0.363774
-0.458226
0.056774
0.475774
0.055774
-0.448226
-0.131226
0.386774
0.178774
-0.160226
-0.287226
-0.003226
-0.118226
-0.026226
0.064774
0.036774
0.174774
-0.403226
-0.395226
-0.166226
-0.312226
-0.011226
-0.397226
-0.304226
0.403774
-0.040226
0.150774
-0.385226
0.292774
0.007774
-0.147226
0.502774
0.395774
-0.244226
0.473774
-0.053226
-0.198226
0.188774
-0.172226
0.474774
-0.125226
0.387774
0.318774
0.250774
-0.144226
-0.122226
0.133774
-0.123226
-0.031226
0.232774
-0.442226
0.502774
0.068774
-0.345226
-0.306226
0.318774
0.461774
-0.309226
0.427774
-0.399226
-0.455226
0.126774
-0.401226
0.434774
0.376774
-0.081226
0.227774
0.025774
-0.046226
-0.449226
0.346774
0.323774
-0.215226
0.159774
0.420774
0.486774
-0.468226
0.049774
-0.141226
0.347774
0.128774
0.262774
-0.303226
-0.308226
-0.236226
0.236774
-0.494226
-0.280226
0.421774
-0.220226
-0.184226
0.460774
0.401774
0.260774
0.390774
-0.375226
0.025774
0.112774
0.144774
0.473774
-0.490226
-0.013226
-0.356226
0.140774
-0.007226
-0.440226
0.122774
0.371774
0.455774
-0.172226
0.213774
0.078774
-0.415226
0.404774
-0.382226
-0.157226
0.488774
-0.030226
0.409774
0.404774
0.243774
-0.280226
0.360774
0.139774
-0.173226
-0.402226
0.259774
0.346774
-0.443226
0.250774
-0.333226
-0.086226
0.083774
-0.194226
-0.451226
-0.428226
0.211774
0.165774
-0.210226
0.161774
-0.160226
0.497774
-0.265226
-0.081226
-0.251226
-0.153226
-0.391226
-0.268226
0.310774
-0.487226
-0.016226
0.049774
-0.273226
0.190774
0.035774
0.399774
0.282774
0.141774
0.240774
-0.314226
0.239774
-0.246226
0.093774
-0.182226
0.053774
0.137774
-0.116226
0.111774
0.149774
0.167774
-0.232226
0.484774
-0.488226
-0.002226
0.249774
0.107774
-0.309226
0.352774
-0.314226
-0.151226
0.359774
-0.484226
-0.255226
-0.067226
0.200774
0.274774
0.178774
0.329774
0.263774
-0.086226
-0.489226
-0.002226
-0.485226
0.098774
0.309774
0.414774
0.082774
0.040774
0.021774
0.079774
0.054774
0.283774
0.410774
0.413774
0.127774
-0.493226
0.367774
-0.334226
-0.293226
-0.100226
0.008774
-0.087226
-0.089226
-0.400226
0.340774
-0.042226
-0.279226
0.013774
-0.217226
0.478774
-0.225226
-0.212226
0.322774
0.135774
-0.267226
0.479774
0.044774
-0.337226
0.014774
-0.087226
-0.411226
-0.084226
0.043774
0.493774
0.175774
-0.334226
-0.153226
0.037774
0.177774
0.047774
-0.215226
0.032774
0.455774
-0.458226
0.126774
-0.357226
-0.006226
0.342774
0.502774
0.270774
-0.332226
-0.228226
-0.095226
0.485774
-0.246226
0.484774
0.459774
0.293774
-0.358226
0.320774
-0.299226
0.076774
0.082774
0.238774
0.416774
-0.246226
-0.248226
-0.242226
-0.362226
-0.224226
0.300774
-0.083226
0.303774
-0.397226
-0.047226
0.276774
-0.260226
-0.206226
0.465774
-0.263226
-0.441226
-0.371226
0.355774
0.310774
-0.391226
-0.396226
0.289774
-0.085226
-0.256226
-0.222226
-0.270226
0.291774
0.348774
0.306774
0.376774
-0.388226
-0.093226
-0.377226
-0.136226
0.039774
0.245774
0.010774
-0.197226
0.395774
0.107774
-0.397226
0.166774
0.341774
-0.109226
0.127774
-0.426226
0.295774
-0.397226
0.423774
0.452774
0.057774
-0.126226
0.236774
0.466774
0.112774
-0.139226
0.042774
-0.101226
0.055774
0.195774
-0.230226
0.161774
-0.402226
0.239774
-0.479226
0.483774
-0.020226
0.025774
-0.219226
0.221774
-0.371226
0.229774
-0.117226
-0.183226
-0.033226
-0.143226
-0.115226
0.109774
-0.046226
0.154774
0.056774
-0.494226
-0.124226
0.140774
-0.181226
0.482774
0.495774
-0.292226
0.227774
0.046774
0.398774
0.491774
0.054774
-0.157226
-0.422226
0.069774
-0.179226
0.403774
-0.057226
0.447774
0.119774
0.417774
-0.475226
-0.150226
-0.271226
-0.014226
0.200774
0.460774
-0.410226
0.001774
0.461774
0.141774
0.353774
-0.168226
-0.223226
-0.332226
-0.191226
0.118774
0.221774
-0.469226
-0.340226
0.114774
-0.130226
0.209774
0.451774
-0.058226
0.125774
0.118774
0.192774
-0.085226
0.413774
-0.193226
-0.173226
0.432774
0.502774
0.402774
-0.087226
0.198774
0.357774
-0.002226
0.046774
0.313774
-0.014226
-0.105226
-0.007226
-0.391226
0.408774
-0.352226
0.221774
0.477774
-0.326226
-0.271226
0.086774
0.389774
0.432774
0.385774
0.177774
0.404774
0.350774
-0.135226
-0.185226
0.258774
-0.481226
0.487774
0.185774
-0.484226
0.384774
-0.054226
-0.439226
-0.411226
-0.210226
0.453774
-0.250226
0.269774
0.195774
0.236774
0.372774
0.450774
0.378774
0.088774
0.422774
-0.101226
-0.336226
0.004774
-0.217226
-0.409226
0.236774
-0.192226
-0.157226
0.081774
-0.481226
0.503774
-0.164226
-0.468226
0.485774
-0.132226
-0.105226
-0.282226
0.307774
0.301774
-0.199226
-0.408226
0.250774
0.044774
0.355774
-0.059226
0.127774
-0.425226
-0.114226
0.001774
-0.489226
0.155774
-0.253226
-0.331226
-0.345226
0.376774
0.106774
-0.262226
-0.321226
-0.204226
0.313774
-0.308226
-0.206226
-0.004226
0.070774
-0.226226
0.358774
-0.188226
-0.014226
0.160774
-0.392226
-0.366226
-0.400226
-0.295226
0.172774
0.449774
0.491774
-0.204226
-0.128226
0.224774
-0.356226
-0.123226
-0.125226
-0.115226
0.391774
0.375774
-0.244226
0.344774
-0.392226
0.280774
-0.365226
0.415774
0.467774
-0.077226
-0.093226
0.384774
-0.456226
0.111774
0.042774
0.375774
0.118774
0.144774
0.503774
0.212774
-0.303226
-0.476226
-0.490226
0.034774
0.165774
-0.124226
-0.246226
-0.344226
-0.401226
0.122774
0.034774
-0.163226
0.344774
-0.362226
-0.323226
0.446774
0.412774
-0.194226
-0.290226
-0.273226
0.223774
0.110774
-0.042226
-0.386226
0.068774
0.494774
0.483774
-0.318226
0.486774
-0.165226
0.389774
-0.322226
0.204774
0.393774
0.206774
-0.135226
0.115774
-0.192226
0.366774
-0.439226
-0.223226
-0.104226
-0.108226
-0.383226
0.379774
0.062774
-0.442226
0.287774
-0.284226
-0.238226
-0.139226
-0.214226
-0.281226
0.313774
-0.106226
0.281774
0.302774
0.223774
-0.189226
-0.364226
-0.095226
0.046774
-0.192226
-0.396226
0.286774
-0.138226
0.314774
-0.103226
0.163774
0.175774
-0.048226
0.434774
-0.081226
-0.310226
-0.454226
-0.207226
0.247774
-0.049226
-0.073226
0.457774
0.206774
0.282774
-0.262226
-0.227226
0.442774
0.477774
-0.451226
-0.408226
0.195774
0.205774
-0.277226
-0.052226
-0.253226
0.024774
0.045774
-0.472226
-0.267226
0.207774
0.270774
-0.257226
-0.122226
0.068774
-0.327226
-0.357226
0.253774
0.064774
-0.069226
0.347774
-0.490226
-0.296226
-0.348226
-0.436226
0.480774
0.235774
-0.169226
0.417774
0.207774
0.225774
0.504774
0.249774
-0.073226
-0.278226
-0.308226
-0.480226
-0.407226
-0.415226
-0.457226
0.172774
0.286774
-0.340226
0.409774
0.010774
0.223774
-0.423226
0.148774
-0.028226
0.488774
-0.074226
0.165774
-0.155226
0.123774
0.311774
-0.097226
0.099774
0.041774
-0.420226
0.363774
0.095774
0.300774
-0.285226
0.191774
0.073774
0.282774
0.378774
0.087774
-0.277226
-0.190226
0.476774
0.389774
-0.409226
-0.368226
0.293774
0.447774
-0.298226
-0.282226
0.090774
0.167774
0.052774
-0.489226
-0.172226
0.391774
0.481774
-0.014226
-0.210226
0.427774
-0.126226
0.215774
0.285774
0.463774
0.010774
-0.152226
0.149774
-0.421226
-0.023226
0.374774
-0.486226
0.193774
-0.321226
-0.163226
0.429774
0.115774
-0.037226
-0.429226
0.058774
-0.489226
-0.217226
-0.004226
0.172774
-0.318226
0.353774
-0.153226
-0.432226
0.329774
-0.321226
0.203774
0.251774
0.046774
-0.085226
0.383774
0.004774
-0.228226
-0.274226
0.001774
0.197774
-0.450226
-0.129226
0.205774
0.237774
0.396774
-0.111226
-0.485226
0.006774
-0.301226
-0.420226
-0.088226
-0.296226
0.208774
-0.245226
-0.276226
0.384774
-0.397226
0.064774
0.446774
-0.221226
0.238774
0.497774
-0.475226
-0.220226
0.258774
-0.245226
-0.368226
-0.475226
0.327774
0.127774
0.216774
0.371774
-0.155226
0.268774
0.455774
-0.264226
0.004774
0.464774
-0.410226
0.197774
-0.461226
0.347774
0.395774
0.241774
-0.403226
-0.386226
0.120774
0.045774
-0.474226
0.414774
0.318774
-0.389226
-0.241226
-0.310226
0.236774
-0.488226
-0.060226
0.362774
-0.117226
0.113774
0.336774
-0.053226
-0.020226
0.028774
-0.290226
-0.070226
0.258774
0.208774
0.241774
-0.305226
0.252774
0.274774
-0.110226
0.143774
0.011774
-0.019226
-0.396226
-0.021226
-0.126226
-0.376226
0.239774
-0.313226
-0.271226
0.492774
0.223774
0.460774
-0.149226
0.009774
-0.330226
0.228774
-0.382226
0.501774
-0.330226
0.443774
0.024774
0.225774
0.219774
0.129774
0.281774
-0.044226
-0.328226
0.028774
-0.274226
0.055774
0.018774
-0.416226
-0.117226
0.117774
0.408774
0.250774
0.235774
0.495774
-0.215226
0.459774
-0.165226
0.502774
-0.233226
0.180774
0.006774
-0.069226
0.255774
0.470774
0.278774
0.419774
0.408774
0.149774
0.491774
0.122774
-0.225226
0.267774
-0.074226
0.292774
0.143774
0.145774
0.194774
-0.343226
-0.424226
-0.428226
0.268774
-0.169226
-0.330226
0.351774
0.172774
-0.051226
-0.342226
0.502774
-0.054226
-0.081226
0.177774
-0.201226
0.343774
0.279774
-0.236226
0.117774
-0.454226
-0.333226
0.113774
-0.468226
-0.364226
0.382774
-0.353226
0.055774
-0.478226
-0.363226
0.047774
0.210774
0.139774
0.469774
-0.370226
0.255774
-0.204226
-0.206226
0.101774
0.462774
0.236774
0.253774
-0.188226
0.028774
-0.333226
-0.164226
0.321774
-0.143226
-0.390226
-0.068226
-0.179226
-0.350226
0.092774
0.429774
0.028774
-0.425226
-0.341226
-0.478226
0.125774
-0.324226
-0.347226
-0.332226
-0.267226
0.286774
-0.367226
-0.143226
0.036774
0.274774
0.144774
-0.015226
-0.416226
0.227774
-0.267226
-0.109226
-0.249226
0.245774
-0.427226
-0.081226
-0.050226
-0.322226
0.344774
-0.383226
0.173774
0.283774
-0.459226
-0.303226
0.353774
0.046774
-0.287226
0.325774
-0.431226
0.211774
0.487774
-0.204226
0.345774
-0.033226
0.147774
0.228774
0.087774
0.138774
-0.291226
-0.481226
-0.138226
0.287774
0.255774
0.458774
0.028774
0.322774
-0.127226
-0.175226
0.494774
0.063774
-0.064226
0.163774
0.194774
0.323774
-0.293226
0.394774
-0.135226
-0.085226
0.214774
0.279774
-0.027226
0.196774
-0.430226
-0.187226
0.010774
-0.436226
-0.463226
-0.055226
0.197774
-0.260226
-0.042226
-0.094226
-0.478226
-0.292226
-0.141226
0.396774
-0.474226
-0.422226
0.067774
-0.133226
0.488774
-0.149226
-0.123226
0.177774
-0.331226
0.078774
0.066774
0.379774
-0.160226
-0.224226
0.153774
0.306774
-0.181226
0.217774
-0.033226
-0.324226
0.276774
-0.002226
0.115774
0.320774
-0.416226
-0.432226
-0.279226
-0.048226
0.122774
0.425774
0.195774
0.494774
-0.149226
-0.242226
0.207774
-0.166226
0.102774
-0.420226
-0.142226
-0.382226
0.504774
-0.229226
0.491774
-0.161226
0.040774
0.139774
-0.008226
-0.294226
0.204774
0.452774
0.228774
0.327774
0.296774
-0.161226
0.142774
0.374774
0.252774
-0.290226
0.173774
-0.130226
-0.018226
-0.136226
0.210774
0.326774
0.467774
-0.086226
0.006774
0.417774
-0.012226
0.358774
-0.470226
-0.013226
-0.376226
-0.131226
-0.328226
-0.489226
0.502774
0.157774
0.063774
-0.446226
0.457774
-0.213226
0.375774
-0.399226
0.119774
0.364774
-0.177226
-0.133226
-0.079226
0.490774
-0.416226
0.397774
0.200774
0.288774
0.218774
0.162774
-0.303226
-0.279226
0.426774
-0.469226
-0.074226
-0.196226
0.363774
0.044774
0.166774
-0.470226
0.401774
-0.484226
-0.465226
-0.040226
-0.435226
-0.161226
0.240774
-0.213226
-0.066226
0.206774
-0.353226
0.250774
-0.431226
0.061774
-0.412226
-0.001226
0.305774
0.282774
0.133774
0.371774
0.292774
0.325774
-0.061226
0.213774
-0.297226
0.358774
-0.136226
-0.086226
0.249774
-0.475226
-0.062226
0.146774
-0.112226
0.318774
-0.399226
0.298774
0.003774
-0.311226
-0.420226
-0.215226
0.389774
0.072774
-0.470226
-0.195226
-0.018226
-0.035226
0.297774
-0.218226
-0.258226
-0.073226
-0.352226
-0.471226
0.098774
0.080774
-0.410226
-0.352226
0.286774
-0.052226
0.055774
0.030774
0.319774
-0.159226
-0.328226
0.053774
-0.346226
0.119774
-0.153226
0.504774
0.302774
0.272774
-0.216226
0.186774
0.192774
0.159774
-0.161226
-0.331226
-0.381226
-0.369226
0.296774
0.207774
0.403774
-0.208226
-0.417226
-0.003226
0.366774
-0.333226
0.139774
0.499774
0.461774
0.041774
0.025774
0.275774
0.376774
-0.456226
0.175774
-0.122226
0.157774
-0.483226
-0.123226
0.306774
-0.364226
-0.493226
-0.011226
0.322774
0.160774
0.321774
-0.162226
-0.373226
-0.201226
-0.018226
0.328774
-0.302226
0.267774
0.405774
-0.459226
0.480774
-0.080226
-0.473226
0.475774
-0.124226
0.063774
-0.004226
-0.002226
-0.065226
0.033774
-0.332226
0.306774
0.038774
0.030774
0.029774
-0.160226
-0.487226
0.030774
-0.325226
-0.317226
0.038774
-0.157226
0.366774
0.159774
0.136774
-0.157226
0.334774
-0.319226
-0.395226
0.234774
0.067774
-0.419226
0.000774
0.089774
-0.097226
0.370774
-0.352226
0.392774
0.214774
0.428774
0.272774
-0.271226
-0.417226
-0.194226
0.253774
0.106774
0.140774
-0.386226
-0.367226
-0.338226
-0.209226
0.165774
-0.000226
-0.348226
0.171774
-0.017226
-0.010226
0.000774
0.157774
0.440774
0.081774
0.071774
-0.132226
-0.422226
-0.344226
0.264774
-0.205226
0.149774
0.151774
0.504774
0.073774
0.271774
-0.272226
0.502774
-0.076226
-0.171226
0.103774
-0.089226
-0.063226
-0.417226
0.067774
-0.426226
-0.405226
-0.438226
-0.280226
-0.387226
0.390774
-0.444226
0.107774
0.394774
0.491774
-0.315226
-0.039226
-0.146226
0.108774
0.111774
-0.386226
0.397774
0.107774
-0.388226
-0.251226
0.027774
0.377774
0.323774
0.024774
0.148774
-0.001226
-0.024226
-0.446226
0.429774
0.052774
0.115774
0.497774
0.494774
-0.476226
0.063774
-0.398226
-0.239226
0.114774
0.204774
-0.350226
0.100774
-0.264226
0.105774
-0.199226
-0.309226
0.063774
-0.091226
-0.065226
-0.334226
0.367774
-0.469226
0.188774
-0.408226
0.348774
0.059774
0.234774
-0.158226
-0.470226
0.283774
0.117774
0.077774
0.245774
0.461774
0.418774
-0.383226
0.019774
-0.485226
-0.128226
-0.019226
-0.434226
0.016774
-0.072226
0.147774
-0.031226
0.223774
-0.315226
-0.473226
-0.373226
0.114774
0.038774
0.488774
0.139774
0.073774
-0.424226
0.334774
-0.371226
-0.343226
0.022774
-0.347226
0.434774
-0.365226
-0.423226
-0.472226
-0.057226
0.489774
-0.361226
-0.191226
-0.148226
0.004774
0.284774
-0.088226
-0.132226
-0.293226
-0.093226
0.330774
0.424774
0.085774
-0.296226
-0.101226
-0.305226
0.237774
0.233774
-0.319226
-0.194226
-0.344226
-0.490226
0.280774
-0.192226
0.026774
0.428774
0.088774
-0.492226
0.499774
0.110774
-0.055226
0.484774
0.243774
-0.399226
-0.169226
0.095774
0.379774
-0.411226
0.457774
-0.067226
-0.010226
-0.364226
0.204774
-0.077226
0.185774
-0.050226
0.111774
0.269774
-0.322226
-0.360226
-0.077226
-0.171226
-0.356226
-0.302226
0.482774
-0.482226
-0.379226
0.065774
-0.480226
-0.384226
-0.328226
0.311774
-0.053226
0.409774
0.406774
0.271774
0.351774
-0.367226
-0.293226
0.304774
0.411774
-0.456226
-0.213226
0.110774
-0.039226
0.466774
-0.445226
-0.081226
0.231774
0.079774
0.052774
-0.351226
-0.245226
-0.456226
-0.159226
-0.268226
-0.444226
-0.043226
0.291774
-0.078226
0.418774
-0.190226
0.079774
-0.140226
0.066774
-0.019226
-0.374226
-0.087226
0.459774
0.178774
0.063774
0.366774
0.216774
0.344774
0.323774
-0.328226
0.306774
-0.274226
0.085774
0.032774
0.299774
-0.015226
-0.472226
-0.451226
0.022774
-0.137226
0.126774
0.424774
-0.334226
0.264774
0.193774
-0.421226
-0.430226
-0.232226
-0.067226
0.130774
-0.404226
0.404774
-0.462226
-0.450226
0.078774
0.096774
-0.237226
-0.210226
-0.064226
-0.418226
0.308774
0.088774
-0.198226
0.240774
-0.384226
-0.404226
-0.280226
-0.362226
-0.009226
-0.410226
0.347774
-0.388226
-0.139226
-0.492226
0.370774
-0.451226
-0.418226
-0.213226
0.163774
0.008774
0.411774
0.253774
-0.091226
0.444774
-0.350226
-0.166226
0.387774
-0.092226
0.469774
-0.182226
-0.016226
0.272774
0.401774
-0.368226
0.359774
-0.136226
0.073774
-0.073226
0.348774
-0.441226
0.362774
-0.457226
0.016774
-0.282226
-0.455226
0.233774
0.113774
-0.027226
-0.484226
-0.228226
0.476774
0.421774
-0.128226
0.231774
-0.287226
0.015774
-0.440226
-0.405226
-0.230226
-0.124226
0.259774
-0.400226
-0.004226
0.155774
-0.274226
-0.150226
-0.134226
0.293774
0.270774
0.060774
-0.301226
0.127774
0.097774
0.209774
-0.307226
0.489774
0.290774
0.300774
-0.043226
0.300774
-0.081226
-0.072226
-0.431226
0.284774
0.005774
0.128774
0.146774
0.411774
0.217774
0.411774
-0.217226
-0.028226
-0.142226
0.272774
-0.026226
0.078774
-0.383226
-0.313226
0.218774
-0.265226
0.241774
0.412774
-0.291226
0.186774
0.468774
-0.104226
0.170774
0.253774
-0.309226
-0.378226
0.400774
0.455774
0.396774
-0.183226
0.234774
-0.103226
0.439774
0.228774
-0.196226
0.151774
0.134774
0.080774
-0.029226
-0.161226
0.199774
-0.209226
0.411774
-0.337226
-0.028226
0.477774
-0.108226
0.060774
-0.263226
0.095774
-0.258226
-0.300226
0.485774
0.406774
-0.199226
0.023774
-0.477226
0.047774
-0.026226
0.413774
0.358774
0.055774
0.157774
0.292774
-0.221226
0.455774
0.291774
-0.240226
0.382774
0.108774
0.092774
0.076774
0.393774
0.351774
0.233774
-0.139226
0.323774
-0.027226
0.415774
-0.445226
-0.437226
0.003774
0.100774
-0.105226
-0.095226
-0.252226
-0.235226
0.273774
0.290774
-0.414226
0.182774
0.143774
0.135774
-0.165226
0.283774
-0.239226
0.136774
0.421774
0.014774
0.013774
0.024774
-0.398226
-0.063226
-0.087226
-0.200226
0.016774
-0.380226
-0.030226
-0.164226
-0.118226
0.370774
-0.107226
0.379774
-0.033226
-0.365226
0.130774
0.208774
0.245774
-0.100226
-0.006226
0.325774
-0.071226
-0.015226
0.307774
0.257774
0.114774
-0.437226
0.240774
0.030774
0.071774
-0.251226
-0.450226
-0.479226
-0.468226
0.308774
-0.185226
0.394774
-0.224226
-0.368226
-0.274226
0.151774
0.496774
0.464774
0.378774
-0.042226
-0.054226
0.003774
0.013774
-0.313226
-0.250226
-0.146226
-0.141226
0.172774
-0.315226
-0.338226
-0.075226
0.293774
-0.281226
-0.340226
-0.181226
-0.362226
0.254774
0.214774
0.004774
-0.367226
0.370774
-0.334226
-0.477226
-0.359226
-0.208226
0.094774
-0.361226
-0.216226
0.053774
-0.136226
-0.412226
0.494774
0.362774
0.447774
-0.324226
-0.041226
-0.203226
0.028774
-0.373226
0.327774
-0.463226
0.397774
0.116774
-0.249226
-0.095226
-0.218226
0.234774
-0.346226
-0.156226
-0.266226
0.133774
-0.291226
-0.106226
0.502774
0.195774
-0.467226
0.091774
0.328774
-0.189226
-0.360226
-0.312226
0.244774
-0.019226
-0.103226
0.187774
0.502774
0.349774
-0.169226
0.026774
0.470774
-0.347226
0.409774
-0.284226
-0.384226
0.006774
0.114774
0.244774
-0.264226
-0.385226
-0.065226
0.315774
0.242774
0.137774
0.056774
0.239774
0.179774
0.083774
0.177774
0.354774
-0.259226
-0.335226
-0.463226
0.479774
0.139774
0.279774
-0.486226
0.137774
0.476774
0.190774
0.010774
-0.206226
0.338774
-0.085226
0.003774
-0.199226
0.416774
-0.387226
-0.108226
-0.353226
-0.277226
0.320774
-0.190226
-0.188226
0.304774
0.360774
-0.453226
-0.021226
0.290774
-0.429226
-0.171226
-0.474226
-0.270226
0.211774
-0.148226
0.364774
0.338774
-0.139226
0.348774
0.309774
-0.454226
-0.146226
-0.050226
-0.269226
-0.385226
0.448774
0.378774
-0.474226
-0.092226
0.116774
0.019774
0.124774
-0.067226
0.323774
0.431774
0.083774
-0.469226
-0.175226
-0.090226
0.315774
-0.110226
-0.415226
-0.312226
0.466774
0.290774
0.033774
-0.322226
0.475774
-0.259226
-0.479226
-0.368226
0.133774
-0.131226
0.076774
-0.289226
-0.022226
0.019774
-0.064226
0.350774
0.421774
-0.452226
-0.135226
0.393774
0.326774
0.034774
0.319774
-0.095226
0.059774
-0.009226
0.308774
0.221774
-0.273226
-0.260226
0.403774
-0.312226
-0.122226
0.283774
-0.140226
-0.152226
-0.480226
0.226774
-0.025226
0.499774
-0.058226
-0.454226
-0.295226
-0.233226
0.411774
0.135774
-0.388226
0.327774
0.177774
0.322774
-0.432226
-0.001226
-0.148226
-0.266226
-0.250226
-0.242226
0.218774
-0.094226
0.473774
-0.207226
0.139774
-0.276226
0.326774
-0.488226
0.501774
0.033774
0.206774
-0.484226
-0.245226
-0.324226
-0.490226
0.191774
-0.284226
0.061774
0.452774
-0.026226
-0.308226
-0.441226
0.147774
-0.284226
-0.272226
0.210774
-0.439226
0.073774
0.438774
0.156774
-0.322226
0.504774
-0.443226
-0.002226
-0.208226
-0.456226
0.215774
-0.387226
-0.098226
0.211774
0.140774
-0.397226
-0.425226
-0.257226
0.124774
-0.069226
0.428774
-0.313226
-0.161226
0.375774
0.154774
0.024774
-0.219226
-0.202226
-0.413226
0.002774
0.502774
-0.006226
-0.077226
-0.212226
-0.354226
0.446774
-0.213226
0.048774
-0.061226
0.424774
0.438774
0.000774
-0.115226
0.187774
0.058774
-0.128226
0.284774
0.127774
0.108774
0.256774
-0.094226
0.383774
0.437774
0.238774
-0.394226
0.087774
0.110774
-0.119226
0.379774
-0.456226
-0.270226
-0.271226
0.032774
0.498774
0.362774
-0.475226
0.439774
-0.355226
0.067774
0.224774
-0.084226
0.353774
-0.280226
-0.353226
0.035774
0.273774
0.013774
0.166774
0.247774
-0.031226
-0.082226
-0.000226
-0.152226
-0.149226
-0.266226
-0.052226
-0.215226
-0.309226
-0.324226
0.010774
-0.271226
0.251774
0.233774
0.255774
-0.402226
0.090774
0.274774
-0.116226
-0.418226
0.189774
-0.396226
0.344774
0.389774
0.169774
0.485774
-0.080226
0.289774
0.345774
-0.067226
0.384774
-0.190226
0.345774
-0.121226
0.503774
0.042774
0.458774
0.297774
0.321774
-0.356226
-0.180226
-0.173226
0.219774
-0.433226
-0.445226
-0.030226
-0.341226
0.491774
0.091774
0.388774
-0.079226
0.127774
0.486774
-0.240226
0.363774
0.503774
0.091774
-0.222226
0.287774
-0.067226
-0.443226
0.166774
-0.411226
0.396774
-0.107226
-0.413226
-0.066226
0.197774
0.378774
-0.250226
0.336774
0.045774
0.070774
0.050774
0.106774
0.471774
-0.133226
-0.388226
-0.189226
-0.195226
0.494774
-0.422226
-0.221226
-0.171226
-0.168226
-0.363226
-0.173226
-0.230226
0.260774
-0.039226
0.196774
0.312774
-0.025226
0.279774
-0.444226
0.361774
0.360774
-0.015226
0.053774
-0.413226
-0.419226
0.236774
0.126774
0.498774
0.133774
0.079774
-0.183226
-0.152226
-0.462226
0.473774
0.146774
-0.121226
-0.454226
0.420774
0.201774
0.223774
-0.096226
-0.125226
0.488774
-0.340226
0.330774
0.179774
-0.181226
-0.200226
0.306774
-0.131226
0.007774
-0.486226
-0.300226
-0.444226
-0.405226
0.127774
-0.360226
-0.432226
0.120774
0.267774
0.493774
-0.216226
-0.390226
-0.474226
-0.247226
-0.396226
-0.100226
-0.207226
-0.129226
-0.052226
-0.136226
0.268774
0.317774
-0.153226
-0.225226
0.142774
-0.127226
0.439774
-0.211226
-0.326226
-0.196226
0.290774
-0.317226
0.349774
-0.307226
0.123774
-0.028226
-0.173226
-0.461226
-0.061226
-0.410226
-0.473226
0.217774
0.045774
-0.452226
-0.183226
0.143774
0.293774
0.455774
-0.491226
-0.264226
-0.186226
-0.375226
-0.100226
-0.493226
-0.106226
-0.111226
-0.125226
-0.171226
0.171774
0.042774
0.478774
-0.043226
-0.428226
-0.325226
0.144774
-0.457226
0.141774
-0.182226
-0.424226
-0.073226
0.253774
-0.403226
-0.009226
-0.205226
-0.009226
0.301774
0.432774
0.130774
-0.395226
-0.211226
-0.286226
-0.087226
-0.092226
0.107774
0.266774
-0.352226
0.491774
-0.364226
0.322774
-0.490226
-0.475226
-0.352226
0.313774
-0.056226
-0.182226
0.304774
-0.019226
-0.194226
-0.383226
0.050774
0.226774
0.365774
0.493774
0.064774
-0.345226
0.331774
0.212774
-0.066226
-0.043226
0.311774
-0.431226
0.164774
0.071774
0.322774
0.119774
-0.167226
0.465774
0.457774
0.314774
-0.365226
0.461774
0.333774
-0.222226
0.269774
0.123774
0.441774
0.068774
-0.401226
-0.258226
0.180774
0.495774
-0.185226
0.392774
0.484774
0.373774
-0.458226
0.310774
0.081774
0.321774
0.113774
0.239774
0.385774
-0.226226
-0.194226
0.202774
-0.260226
0.484774
-0.485226
-0.308226
0.293774
-0.355226
-0.352226
0.474774
0.268774
-0.235226
0.092774
0.204774
0.327774
-0.461226
-0.207226
0.354774
-0.471226
0.453774
0.241774
-0.140226
0.322774
-0.370226
-0.335226
0.250774
0.446774
-0.374226
0.336774
-0.321226
-0.106226
-0.362226
-0.272226
0.479774
-0.031226
-0.262226
-0.334226
0.109774
0.228774
0.159774
0.078774
0.343774
0.418774
0.017774
0.394774
0.241774
0.050774
0.033774
0.442774
0.074774
-0.018226
0.179774
0.428774
0.150774
0.303774
-0.059226
-0.104226
-0.403226
0.060774
0.079774
0.121774
-0.199226
-0.436226
0.344774
-0.225226
0.026774
-0.071226
0.286774
-0.369226
-0.348226
-0.059226
-0.444226
-0.158226
-0.145226
0.068774
-0.269226
-0.057226
-0.386226
0.258774
-0.120226
-0.465226
-0.265226
-0.446226
-0.189226
-0.267226
-0.295226
-0.402226
0.474774
0.147774
0.504774
0.048774
-0.235226
0.151774
0.106774
-0.396226
-0.227226
-0.019226
0.026774
-0.446226
0.105774
-0.475226
-0.011226
0.156774
0.212774
-0.310226
0.071774
0.437774
0.126774
-0.468226
-0.457226
0.501774
-0.438226
0.123774
-0.098226
0.218774
0.350774
0.100774
0.310774
0.320774
-0.256226
0.309774
0.215774
0.002774
-0.044226
-0.182226
0.452774
-0.425226
0.292774
0.325774
-0.377226
0.244774
0.344774
0.457774
-0.104226
0.051774
-0.357226
-0.186226
0.335774
0.263774
-0.159226
-0.275226
0.259774
0.248774
0.342774
0.008774
-0.038226
-0.459226
-0.396226
0.118774
-0.292226
0.193774
0.274774
0.417774
0.042774
0.076774
-0.270226
-0.010226
0.145774
-0.131226
-0.190226
0.262774
-0.391226
0.000774
0.214774
0.350774
-0.101226
0.351774
-0.340226
-0.271226
0.462774
-0.005226
-0.052226
-0.431226
0.089774
0.137774
0.071774
-0.454226
0.172774
-0.477226
-0.489226
0.374774
0.210774
0.279774
0.286774
0.100774
-0.149226
-0.136226
-0.063226
-0.157226
0.226774
-0.406226
-0.400226
0.329774
0.088774
-0.339226
0.175774
0.482774
-0.140226
0.329774
0.057774
-0.183226
0.170774
-0.147226
0.231774
-0.245226
0.484774
-0.201226
0.146774
0.503774
-0.184226
0.151774
0.372774
-0.127226
0.277774
-0.494226
0.467774
-0.025226
0.215774
-0.100226
0.311774
-0.062226
-0.012226
-0.242226
0.113774
-0.077226
-0.087226
-0.216226
0.251774
-0.381226
-0.040226
-0.195226
0.281774
-0.023226
0.151774
0.008774
-0.422226
0.482774
0.301774
0.218774
0.480774
-0.036226
0.216774
-0.300226
0.330774
0.340774
0.051774
-0.354226
-0.190226
-0.237226
0.391774
-0.384226
-0.453226
0.225774
-0.132226
0.154774
-0.357226
-0.372226
-0.214226
0.389774
-0.259226
0.239774
0.040774
-0.130226
0.063774
-0.313226
0.372774
0.135774
0.015774
-0.479226
0.201774
-0.009226
0.330774
0.264774
-0.463226
-0.492226
0.100774
0.082774
-0.352226
0.404774
-0.308226
-0.466226
-0.132226
-0.267226
0.253774
-0.418226
0.382774
-0.256226
-0.296226
0.014774
-0.372226
0.291774
0.100774
-0.485226
-0.344226
-0.341226
0.047774
-0.125226
-0.358226
-0.442226
0.241774
-0.310226
0.394774
0.066774
0.448774
0.425774
0.068774
0.395774
0.354774
0.211774
-0.352226
-0.458226
-0.408226
0.009774
-0.231226
-0.307226
0.085774
-0.002226
0.282774
-0.363226
-0.141226
0.404774
-0.225226
0.454774
-0.234226
0.276774
-0.392226
0.307774
-0.354226
0.095774
0.359774
0.381774
0.279774
0.248774
-0.057226
-0.424226
0.168774
-0.142226
0.465774
0.369774
-0.084226
-0.040226
0.405774
0.002774
0.463774
0.021774
-0.458226
0.396774
-0.134226
0.318774
-0.120226
0.219774
-0.430226
0.148774
0.168774
-0.170226
-0.080226
-0.377226
-0.368226
0.411774
0.213774
-0.162226
0.287774
-0.012226
-0.419226
0.076774
0.057774
-0.404226
-0.219226
0.370774
0.459774
0.191774
-0.175226
-0.287226
0.040774
0.135774
0.228774
0.076774
0.026774
-0.411226
0.241774
0.400774
-0.345226
0.305774
0.395774
0.317774
-0.018226
-0.190226
0.435774
0.459774
-0.284226
0.495774
-0.208226
-0.150226
-0.022226
-0.133226
-0.227226
-0.117226
0.308774
0.047774
-0.252226
-0.385226
-0.266226
0.066774
-0.178226
0.268774
-0.303226
-0.103226
0.191774
-0.430226
0.332774
-0.072226
-0.183226
0.481774
0.079774
-0.293226
-0.353226
-0.444226
0.362774
-0.071226
-0.138226
-0.075226
-0.081226
0.147774
-0.379226
0.390774
-0.139226
-0.112226
-0.232226
-0.336226
-0.217226
0.361774
-0.226226
0.010774
-0.076226
0.441774
0.126774
0.466774
-0.166226
0.164774
-0.468226
-0.339226
-0.412226
0.194774
-0.363226
-0.486226
0.396774
-0.222226
-0.083226
-0.394226
0.200774
0.272774
0.377774
-0.034226
-0.084226
0.492774
-0.148226
-0.377226
0.227774
0.465774
-0.218226
0.504774
0.322774
0.401774
0.361774
0.092774
-0.310226
0.334774
0.053774
0.017774
-0.005226
0.431774
0.172774
0.428774
0.121774
-0.343226
0.436774
0.364774
0.280774
0.199774
0.464774
0.328774
-0.032226
-0.311226
-0.211226
-0.270226
-0.323226
0.486774
-0.153226
0.398774
0.447774
0.474774
-0.250226
-0.383226
-0.277226
-0.394226
0.203774
-0.092226
0.435774
0.103774
0.419774
0.276774
0.030774
0.439774
0.199774
-0.001226
-0.409226
0.130774
-0.142226
-0.282226
-0.174226
0.168774
-0.459226
-0.360226
0.352774
0.176774
0.215774
-0.124226
0.157774
-0.091226
0.120774
0.099774
-0.121226
0.364774
-0.437226
0.447774
-0.183226
-0.387226
-0.150226
0.098774
0.211774
0.116774
-0.130226
0.088774
0.050774
-0.436226
-0.418226
0.487774
-0.458226
0.285774
-0.300226
0.213774
0.300774
0.087774
-0.300226
0.499774
-0.241226
0.409774
-0.130226
0.410774
-0.187226
0.484774
0.357774
-0.462226
-0.304226
-0.233226
0.480774
0.359774
-0.125226
-0.175226
-0.047226
-0.419226
0.435774
-0.330226
-0.484226
0.332774
-0.272226
-0.408226
-0.333226
0.115774
-0.276226
0.213774
-0.176226
-0.481226
-0.204226
0.369774
-0.486226
0.400774
0.273774
0.229774
-0.342226
-0.066226
0.209774
-0.138226
-0.034226
-0.248226
0.123774
-0.059226
-0.394226
0.492774
-0.387226
0.405774
-0.080226
-0.105226
-0.430226
-0.070226
0.074774
0.143774
0.367774
0.235774
-0.245226
-0.414226
-0.056226
0.424774
-0.049226
-0.414226
0.289774
-0.041226
0.480774
0.409774
-0.316226
-0.366226
-0.162226
-0.260226
-0.010226
0.298774
0.337774
-0.040226
0.085774
-0.209226
0.298774
0.192774
-0.309226
-0.287226
-0.065226
0.106774
0.488774
0.503774
-0.255226
0.350774
-0.414226
0.345774
-0.217226
0.024774
-0.382226
0.228774
0.104774
-0.246226
-0.318226
0.432774
-0.342226
0.211774
-0.439226
-0.009226
0.445774
0.396774
0.135774
0.278774
-0.148226
-0.284226
-0.436226
-0.003226
-0.244226
0.100774
0.204774
-0.463226
-0.298226
0.187774
-0.465226
0.292774
0.385774
-0.385226
0.485774
-0.337226
0.485774
-0.402226
0.385774
0.437774
-0.154226
-0.085226
0.364774
0.349774
-0.379226
0.419774
-0.165226
-0.086226
-0.337226
-0.183226
0.038774
0.360774
0.027774
0.096774
-0.147226
-0.370226
0.043774
-0.096226
-0.339226
-0.408226
-0.414226
0.041774
0.378774
0.465774
0.502774
0.358774
-0.024226
-0.164226
-0.197226
-0.144226
-0.232226
0.494774
-0.383226
-0.373226
0.339774
-0.267226
-0.107226
0.020774
0.140774
0.049774
0.332774
0.025774
0.257774
0.206774
-0.383226
-0.395226
0.330774
-0.493226
0.002774
-0.162226
-0.407226
0.434774
-0.274226
0.465774
-0.252226
0.074774
-0.328226
0.217774
0.404774
0.320774
-0.080226
-0.333226
0.310774
0.031774
-0.212226
0.496774
-0.389226
-0.473226
0.011774
-0.402226
0.071774
-0.161226
0.117774
-0.176226
-0.460226
-0.419226
0.274774
-0.283226
-0.418226
-0.228226
0.400774
-0.331226
-0.299226
-0.379226
-0.019226
0.294774
0.190774
0.498774
0.006774
0.441774
0.314774
-0.226226
-0.396226
0.471774
0.299774
0.237774
-0.185226
0.404774
0.259774
0.320774
-0.151226
0.177774
0.006774
0.460774
0.495774
0.392774
-0.464226
-0.383226
-0.043226
-0.388226
-0.117226
-0.148226
0.126774
0.429774
0.319774
-0.046226
0.219774
0.004774
-0.052226
0.072774
0.292774
0.108774
0.340774
0.390774
0.426774
0.134774
0.475774
-0.264226
0.385774
0.229774
-0.097226
0.080774
0.253774
0.403774
0.035774
-0.404226
-0.356226
0.417774
-0.293226
0.094774
-0.124226
0.435774
0.440774
0.496774
0.359774
0.254774
-0.054226
0.425774
0.105774
-0.260226
-0.006226
-0.106226
-0.305226
0.180774
0.130774
-0.384226
0.162774
0.100774
0.197774
0.394774
0.176774
-0.405226
-0.029226
0.276774
-0.154226
0.500774
0.366774
0.335774
0.413774
-0.432226
-0.075226
-0.216226
-0.150226
0.211774
0.127774
-0.295226
0.313774
-0.080226
-0.023226
0.265774
0.153774
-0.183226
0.005774
0.342774
0.492774
-0.368226
-0.195226
0.149774
-0.421226
0.496774
0.038774
-0.397226
-0.062226
0.503774
0.373774
0.277774
-0.148226
0.235774
0.107774
-0.240226
-0.350226
-0.121226
0.389774
-0.005226
-0.414226
0.363774
-0.454226
-0.254226
-0.222226
0.016774
-0.494226
-0.222226
0.328774
0.006774
-0.033226
-0.332226
0.484774
0.265774
0.311774
-0.442226
-0.391226
-0.155226
0.006774
0.041774
-0.156226
-0.124226
0.165774
0.189774
-0.042226
-0.231226
-0.204226
0.453774
0.493774
0.031774
0.294774
-0.426226
-0.109226
0.334774
0.165774
-0.485226
0.198774
0.166774
-0.212226
0.373774
0.019774
-0.399226
-0.464226
-0.001226
0.361774
0.341774
0.402774
0.464774
0.032774
-0.095226
0.352774
-0.277226
0.274774
0.013774
-0.241226
0.078774
0.276774
0.400774
0.026774
-0.383226
-0.072226
-0.183226
-0.314226
-0.335226
-0.002226
0.345774
-0.326226
0.042774
0.358774
0.307774
-0.089226
-0.127226
-0.244226
0.292774
-0.282226
-0.388226
0.480774
-0.384226
-0.077226
0.008774
0.014774
-0.229226
-0.422226
-0.216226
-0.369226
-0.168226
-0.291226
-0.246226
-0.273226
0.229774
-0.135226
0.500774
-0.107226
0.396774
-0.340226
0.385774
-0.410226
0.180774
0.274774
0.442774
0.334774
-0.319226
0.162774
-0.415226
-0.180226
0.374774
0.042774
-0.204226
0.484774
-0.187226
-0.349226
-0.006226
0.429774
-0.277226
-0.376226
-0.445226
0.400774
-0.173226
-0.197226
-0.377226
-0.096226
0.161774
-0.030226
-0.357226
0.405774
0.476774
-0.125226
0.489774
0.503774
-0.355226
0.426774
-0.315226
0.171774
0.435774
-0.235226
0.485774
0.305774
-0.346226
-0.224226
-0.363226
0.312774
0.272774
0.477774
0.236774
0.490774
-0.404226
-0.362226
-0.262226
0.269774
-0.065226
0.206774
0.019774
-0.056226
-0.328226
0.156774
-0.156226
-0.357226
-0.121226
0.179774
-0.359226
0.017774
0.100774
-0.180226
-0.316226
0.383774
0.430774
-0.336226
-0.464226
-0.068226
0.286774
-0.333226
-0.261226
0.405774
-0.361226
-0.177226
-0.257226
0.081774
-0.045226
-0.024226
0.197774
0.384774
-0.323226
0.063774
0.174774
-0.157226
0.066774
-0.135226
0.331774
0.439774
-0.461226
-0.181226
-0.048226
0.485774
0.485774
0.481774
-0.284226
0.410774
-0.007226
-0.254226
0.188774
-0.226226
-0.092226
0.422774
0.025774
0.392774
-0.260226
0.263774
-0.031226
-0.459226
-0.266226
0.012774
-0.228226
-0.095226
-0.429226
0.440774
-0.405226
0.132774
0.151774
0.420774
0.066774
-0.463226
-0.265226
-0.134226
-0.482226
-0.285226
-0.158226
-0.272226
-0.028226
0.328774
-0.031226
-0.344226
-0.051226
-0.277226
-0.075226
0.469774
-0.390226
-0.489226
0.227774
0.425774
-0.454226
-0.192226
0.284774
-0.187226
0.206774
0.350774
0.099774
-0.352226
0.329774
0.098774
-0.436226
-0.109226
0.129774
0.144774
-0.397226
0.141774
-0.294226
-0.060226
-0.283226
0.171774
0.114774
-0.468226
-0.326226
-0.441226
0.100774
0.444774
-0.125226
-0.443226
-0.198226
-0.051226
0.476774
-0.157226
0.250774
0.256774
0.501774
0.303774
0.453774
0.447774
0.446774
0.277774
0.040774
-0.143226
0.014774
-0.334226
-0.152226
0.112774
-0.346226
0.047774
-0.101226
0.216774
0.065774
-0.140226
-0.405226
-0.413226
0.264774
0.189774
-0.122226
-0.366226
0.241774
0.174774
0.428774
-0.435226
-0.136226
0.173774
-0.332226
0.211774
0.324774
-0.032226
0.153774
-0.382226
-0.260226
-0.310226
0.320774
-0.398226
0.201774
-0.337226
-0.439226
0.349774
-0.443226
0.305774
0.061774
0.468774
-0.340226
0.150774
-0.098226
0.419774
0.187774
0.274774
-0.452226
0.275774
-0.056226
0.471774
0.334774
-0.346226
0.491774
-0.150226
0.359774
0.310774
0.311774
0.007774
-0.225226
-0.101226
-0.456226
-0.410226
-0.005226
0.239774
0.098774
0.401774
0.436774
0.149774
0.201774
-0.007226
0.465774
0.355774
-0.010226
-0.138226
0.269774
0.023774
-0.369226
-0.335226
-0.206226
0.420774
-0.017226
-0.024226
-0.431226
-0.031226
0.319774
0.422774
0.126774
0.477774
0.277774
-0.252226
-0.129226
0.315774
-0.167226
-0.288226
0.050774
0.425774
-0.392226
-0.018226
0.422774
-0.344226
-0.179226
0.382774
-0.493226
-0.343226
0.090774
-0.377226
-0.472226
0.216774
-0.218226
-0.184226
0.131774
-0.389226
-0.362226
-0.452226
0.426774
-0.196226
0.464774
0.399774
-0.223226
0.236774
-0.358226
0.493774
0.399774
0.320774
-0.299226
0.296774
-0.406226
0.154774
0.124774
-0.489226
-0.342226
-0.208226
-0.260226
-0.341226
0.294774
0.324774
0.127774
0.316774
0.387774
-0.243226
-0.020226
0.366774
-0.138226
0.111774
0.408774
-0.217226
0.410774
-0.280226
-0.323226
0.033774
0.451774
0.165774
0.021774
-0.302226
-0.019226
-0.431226
0.488774
0.068774
-0.429226
0.107774
0.073774
-0.277226
0.393774
-0.340226
0.227774
0.182774
-0.168226
-0.150226
-0.005226
-0.286226
0.100774
-0.179226
-0.425226
-0.190226
-0.221226
0.477774
0.086774
0.035774
0.044774
-0.389226
-0.436226
0.342774
0.270774
0.432774
-0.465226
-0.254226
-0.152226
-0.482226
0.309774
0.264774
0.471774
0.229774
0.481774
0.359774
-0.263226
-0.444226
0.388774
0.062774
0.252774
0.229774
0.270774
0.199774
-0.455226
-0.307226
0.503774
-0.181226
0.016774
0.085774
0.348774
-0.444226
-0.457226
-0.240226
0.392774
0.307774
0.038774
0.421774
-0.452226
0.380774
-0.214226
-0.296226
0.140774
-0.248226
-0.219226
0.468774
-0.042226
0.011774
-0.480226
-0.158226
-0.431226
-0.381226
-0.082226
-0.314226
0.312774
-0.042226
-0.127226
-0.336226
-0.377226
0.384774
0.243774
-0.182226
-0.213226
-0.367226
0.071774
-0.325226
0.434774
-0.395226
-0.057226
-0.171226
-0.167226
-0.424226
0.379774
0.467774
0.173774
-0.345226
-0.217226
-0.373226
-0.487226
0.148774
0.314774
-0.072226
0.261774
-0.273226
0.107774
0.421774
-0.469226
-0.172226
-0.420226
-0.352226
0.058774
-0.330226
0.312774
0.339774
-0.203226
0.230774
-0.139226
0.077774
-0.317226
-0.349226
0.400774
0.009774
-0.279226
-0.373226
0.323774
0.388774
-0.224226
-0.399226
-0.490226
0.134774
0.244774
-0.329226
-0.443226
0.352774
-0.107226
-0.488226
0.268774
-0.082226
-0.166226
-0.305226
0.412774
0.386774
-0.141226
0.219774
-0.427226
0.149774
-0.055226
-0.071226
0.073774
0.121774
0.073774
-0.030226
-0.022226
0.288774
0.090774
-0.204226
-0.476226
-0.286226
-0.108226
-0.119226
0.342774
-0.017226
0.045774
-0.253226
-0.170226
-0.215226
-0.247226
-0.054226
-0.450226
0.080774
0.134774
0.456774
0.313774
-0.159226
-0.477226
0.380774
-0.163226
0.313774
0.155774
0.405774
0.282774
-0.276226
0.221774
-0.245226
-0.141226
-0.193226
0.045774
-0.122226
0.366774
-0.216226
-0.395226
-0.443226
-0.387226
0.144774
-0.202226
0.288774
0.424774
0.044774
-0.271226
0.468774
-0.028226
-0.289226
-0.228226
-0.220226
0.045774
0.140774
0.006774
0.376774
-0.051226
-0.342226
-0.371226
-0.274226
-0.124226
0.344774
0.327774
-0.418226
-0.001226
0.219774
0.305774
-0.140226
0.497774
0.404774
0.262774
-0.395226
0.395774
-0.093226
-0.260226
-0.333226
0.445774
-0.036226
-0.018226
0.263774
-0.479226
0.247774
-0.462226
0.412774
0.234774
0.391774
-0.364226
-0.321226
-0.456226
-0.240226
0.250774
0.265774
-0.401226
0.072774
0.341774
0.091774
-0.213226
0.493774
-0.201226
0.130774
-0.255226
-0.092226
-0.418226
-0.364226
0.309774
-0.183226
-0.203226
-0.398226
-0.373226
0.273774
0.360774
-0.006226
0.367774
-0.255226
-0.099226
0.097774
-0.369226
0.030774
-0.377226
-0.331226
0.284774
0.367774
0.429774
-0.269226
0.287774
-0.382226
-0.331226
-0.079226
-0.393226
0.313774
-0.101226
0.197774
-0.283226
0.326774
0.327774
-0.479226
-0.010226
-0.028226
-0.031226
0.110774
-0.260226
-0.176226
-0.049226
-0.046226
0.415774
0.345774
-0.454226
-0.459226
0.223774
0.014774
0.056774
0.354774
0.229774
0.332774
-0.420226
0.011774
-0.203226
0.095774
-0.221226
0.249774
-0.096226
-0.476226
-0.057226
0.114774
0.345774
-0.235226
0.481774
-0.170226
0.230774
-0.054226
-0.212226
-0.183226
-0.384226
0.232774
0.265774
-0.474226
0.425774
-0.342226
-0.086226
0.143774
0.167774
0.464774
-0.007226
0.243774
0.291774
0.067774
0.101774
-0.417226
-0.342226
0.374774
0.327774
0.055774
-0.254226
-0.235226
0.017774
-0.414226
0.375774
0.345774
0.261774
0.453774
-0.214226
-0.104226
-0.235226
0.248774
-0.376226
-0.123226
0.268774
-0.456226
0.381774
-0.323226
0.181774
0.395774
-0.364226
-0.331226
0.133774
-0.226226
-0.417226
-0.270226
0.203774
0.086774
-0.049226
0.377774
-0.010226
0.190774
-0.011226
0.501774
-0.377226
0.210774
-0.306226
-0.268226
0.158774
0.326774
0.121774
-0.229226
0.069774
0.239774
0.141774
-0.167226
-0.370226
0.369774
0.356774
-0.342226
0.259774
0.486774
0.173774
-0.112226
0.107774
0.250774
0.111774
0.157774
-0.167226
-0.090226
0.381774
0.316774
-0.405226
-0.135226
-0.335226
-0.287226
-0.430226
-0.147226
-0.061226
-0.424226
-0.326226
-0.093226
-0.159226
0.237774
-0.358226
-0.171226
-0.082226
0.117774
-0.306226
-0.231226
0.270774
0.447774
0.101774
-0.061226
0.182774
0.055774
0.035774
0.140774
-0.292226
0.362774
-0.455226
-0.416226
-0.474226
-0.365226
0.294774
-0.315226
0.193774
-0.288226
0.384774
-0.021226
-0.218226
-0.095226
0.379774
0.468774
-0.362226
-0.132226
-0.208226
0.401774
0.480774
0.331774
-0.335226
-0.402226
0.274774
0.260774
0.030774
0.303774
0.163774
-0.439226
-0.061226
0.365774
-0.229226
-0.021226
-0.203226
0.142774
0.459774
-0.414226
0.322774
0.147774
0.143774
-0.446226
-0.027226
-0.228226
-0.047226
-0.153226
-0.265226
0.436774
0.209774
0.373774
0.332774
-0.463226
0.199774
0.491774
-0.371226
0.320774
-0.400226
-0.494226
0.118774
0.257774
-0.087226
-0.447226
0.469774
-0.470226
0.377774
-0.239226
0.167774
0.331774
0.193774
0.336774
-0.026226
-0.168226
0.384774
0.440774
0.450774
0.183774
0.133774
-0.320226
0.115774
0.189774
-0.100226
-0.057226
-0.427226
-0.405226
0.281774
0.047774
-0.238226
-0.272226
0.399774
-0.272226
0.479774
-0.192226
0.126774
-0.204226
0.183774
-0.001226
0.403774
-0.154226
-0.175226
0.091774
-0.323226
-0.355226
-0.230226
-0.092226
-0.068226
-0.285226
-0.413226
-0.440226
0.241774
0.196774
-0.403226
-0.364226
-0.014226
-0.336226
0.076774
-0.238226
0.206774
0.333774
0.335774
0.100774
-0.444226
0.309774
-0.245226
0.176774
-0.047226
0.433774
0.021774
-0.149226
0.125774
0.340774
0.436774
-0.350226
-0.168226
0.052774
0.051774
0.257774
0.262774
0.484774
-0.336226
0.350774
-0.472226
0.106774
0.480774
0.360774
0.265774
0.404774
-0.031226
0.318774
0.232774
-0.200226
-0.086226
-0.365226
-0.044226
-0.484226
-0.342226
0.402774
-0.204226
0.173774
-0.252226
0.415774
0.360774
0.030774
-0.440226
-0.313226
-0.421226
0.458774
-0.209226
-0.312226
-0.210226
0.300774
-0.115226
-0.187226
-0.097226
-0.140226
0.019774
-0.337226
0.110774
0.482774
-0.172226
-0.162226
-0.223226
-0.412226
0.318774
0.227774
-0.402226
0.470774
0.124774
-0.112226
0.138774
-0.280226
-0.201226
-0.006226
0.244774
0.204774
-0.473226
-0.330226
-0.490226
-0.188226
0.203774
-0.205226
-0.040226
-0.417226
0.453774
0.356774
0.289774
-0.032226
-0.134226
-0.105226
-0.055226
0.187774
-0.420226
0.216774
0.269774
0.392774
0.290774
-0.285226
0.358774
-0.090226
0.096774
0.343774
0.475774
-0.258226
0.184774
-0.432226
-0.206226
0.205774
-0.268226
-0.202226
-0.135226
-0.217226
0.086774
0.318774
0.211774
0.034774
-0.478226
-0.004226
-0.151226
-0.118226
-0.262226
0.288774
-0.084226
-0.188226
0.351774
-0.320226
0.050774
0.136774
0.240774
0.255774
-0.459226
-0.167226
0.094774
-0.136226
0.420774
0.125774
-0.074226
0.060774
0.177774
0.503774
0.353774
-0.111226
-0.219226
0.286774
-0.298226
0.487774
0.168774
0.069774
0.329774
-0.488226
0.445774
-0.086226
0.294774
-0.144226
0.219774
0.140774
0.382774
0.117774
-0.228226
0.117774
-0.132226
0.159774
-0.203226
-0.191226
-0.482226
0.064774
0.428774
0.289774
-0.380226
0.101774
0.287774
0.467774
0.484774
-0.084226
0.249774
0.033774
0.249774
0.264774
-0.402226
0.073774
0.270774
-0.109226
-0.165226
0.412774
0.240774
-0.099226
0.047774
0.469774
-0.487226
-0.333226
0.082774
-0.124226
-0.327226
-0.274226
0.178774
0.036774
0.284774
0.102774
-0.179226
0.399774
0.050774
-0.045226
-0.286226
0.029774
0.364774
-0.190226
-0.090226
0.460774
-0.431226
0.002774
0.381774
0.334774
0.387774
-0.289226
0.241774
0.474774
0.105774
0.135774
0.439774
0.113774
-0.351226
0.368774
0.483774
-0.184226
-0.059226
-0.491226
-0.301226
-0.279226
0.457774
0.365774
-0.033226
0.002774
-0.184226
0.174774
-0.120226
0.026774
0.479774
0.283774
-0.017226
-0.105226
-0.219226
0.210774
-0.276226
0.014774
0.415774
-0.188226
0.336774
0.015774
0.442774
-0.377226
-0.024226
-0.062226
0.485774
0.305774
-0.399226
0.272774
0.309774
-0.206226
-0.160226
-0.386226
0.006774
0.300774
0.111774
-0.331226
0.322774
0.485774
0.189774
-0.351226
-0.384226
0.018774
0.037774
-0.108226
-0.276226
-0.391226
-0.247226
-0.014226
-0.085226
-0.416226
0.496774
0.203774
-0.299226
0.318774
-0.363226
0.032774
0.119774
0.083774
-0.199226
0.275774
0.371774
0.134774
0.383774
0.224774
0.282774
-0.010226
0.387774
0.451774
0.321774
0.072774
-0.405226
0.432774
-0.062226
0.126774
0.170774
-0.491226
0.229774
-0.230226
-0.011226
-0.008226
-0.151226
0.331774
-0.310226
0.395774
0.145774
0.172774
-0.076226
0.111774
-0.249226
-0.429226
-0.118226
-0.382226
-0.448226
-0.240226
0.336774
0.328774
-0.403226
-0.428226
0.274774
0.412774
0.138774
-0.284226
-0.308226
-0.077226
0.337774
-0.291226
-0.074226
0.413774
-0.026226
-0.238226
-0.100226
-0.331226
-0.060226
0.436774
-0.441226
-0.068226
0.103774
-0.023226
-0.462226
0.349774
0.393774
-0.086226
-0.186226
0.440774
0.168774
-0.003226
0.263774
0.259774
0.062774
0.385774
-0.481226
0.047774
-0.404226
-0.294226
0.465774
-0.220226
0.260774
0.237774
0.040774
-0.271226
-0.154226
0.434774
0.243774
0.280774
-0.282226
0.297774
-0.293226
0.316774
0.120774
-0.260226
0.160774
0.009774
0.147774
0.468774
-0.055226
0.162774
-0.040226
0.054774
-0.083226
-0.130226
-0.065226
0.282774
0.411774
0.377774
-0.165226
0.371774
-0.348226
-0.410226
0.456774
0.186774
0.165774
-0.203226
0.468774
-0.096226
-0.076226
0.032774
-0.304226
0.125774
-0.156226
-0.336226
-0.288226
-0.149226
0.167774
0.353774
-0.186226
-0.041226
0.363774
-0.379226
-0.492226
0.126774
0.336774
0.289774
-0.096226
0.242774
0.161774
0.232774
0.461774
-0.340226
0.317774
0.412774
-0.306226
-0.022226
0.055774
0.008774
-0.272226
0.474774
-0.464226
0.270774
0.094774
0.226774
0.428774
0.300774
-0.428226
0.442774
0.500774
0.232774
-0.104226
0.358774
0.347774
0.249774
-0.019226
0.178774
0.033774
-0.269226
0.267774
0.041774
0.458774
0.223774
-0.451226
-0.377226
0.130774
0.088774
0.446774
-0.318226
-0.408226
-0.331226
-0.349226
-0.026226
0.433774
-0.408226
-0.305226
-0.291226
0.386774
-0.238226
-0.354226
-0.266226
0.488774
0.387774
-0.060226
-0.317226
0.132774
0.414774
-0.292226
0.012774
-0.008226
0.469774
-0.450226
-0.055226
0.188774
-0.055226
0.413774
0.165774
-0.472226
0.354774
0.341774
-0.386226
-0.129226
-0.161226
0.433774
-0.201226
-0.075226
-0.376226
0.002774
0.157774
-0.120226
0.494774
0.386774
0.214774
0.377774
-0.179226
0.391774
0.004774
0.081774
-0.406226
-0.488226
-0.432226
-0.442226
-0.092226
0.359774
-0.407226
0.346774
-0.380226
0.253774
-0.279226
0.469774
0.441774
0.180774
-0.165226
-0.224226
0.109774
0.479774
-0.453226
0.227774
0.328774
0.199774
-0.046226
0.318774
0.432774
0.014774
-0.457226
0.099774
-0.099226
0.041774
0.027774
0.340774
0.399774
0.441774
0.392774
0.154774
-0.352226
-0.167226
0.347774
-0.237226
-0.419226
-0.436226
0.078774
-0.131226
0.238774
-0.240226
0.138774
-0.157226
-0.266226
-0.467226
-0.083226
-0.090226
-0.421226
-0.283226
-0.277226
-0.494226
0.225774
0.111774
0.451774
-0.027226
-0.352226
0.325774
-0.192226
-0.106226
0.261774
0.047774
-0.457226
-0.243226
0.374774
0.385774
0.013774
-0.198226
-0.204226
-0.061226
0.164774
-0.471226
0.192774
0.150774
0.218774
0.420774
0.177774
-0.018226
-0.175226
0.250774
0.193774
0.393774
-0.397226
0.265774
-0.000226
-0.099226
-0.266226
0.493774
-0.279226
0.035774
-0.117226
-0.171226
-0.070226
0.271774
0.079774
-0.201226
0.503774
-0.060226
0.446774
-0.206226
0.372774
0.106774
-0.182226
0.059774
-0.248226
-0.117226
-0.024226
0.423774
0.358774
-0.353226
-0.479226
0.398774
-0.112226
-0.382226
-0.488226
-0.266226
0.012774
-0.260226
-0.277226
0.227774
-0.378226
0.451774
-0.449226
0.046774
-0.430226
0.477774
-0.308226
-0.431226
-0.088226
-0.366226
-0.143226
-0.220226
0.234774
-0.479226
0.333774
-0.167226
-0.102226
0.155774
-0.249226
0.103774
-0.350226
0.117774
-0.003226
0.031774
0.229774
0.002774
-0.388226
-0.263226
-0.411226
0.180774
-0.189226
0.057774
0.126774
0.207774
-0.401226
-0.456226
0.179774
0.136774
-0.393226
-0.413226
0.264774
0.309774
0.212774
0.345774
-0.322226
0.040774
-0.327226
0.421774
0.043774
0.269774
0.019774
0.187774
-0.118226
-0.136226
0.065774
-0.394226
-0.287226
-0.476226
0.188774
0.148774
0.199774
-0.154226
-0.299226
0.172774
-0.451226
0.145774
0.210774
0.222774
-0.223226
-0.336226
-0.344226
-0.463226
-0.179226
0.362774
-0.271226
-0.007226
0.250774
-0.103226
-0.091226
-0.211226
-0.339226
-0.224226
-0.177226
0.389774
0.133774
-0.265226
0.489774
-0.307226
-0.247226
-0.474226
0.335774
0.446774
-0.134226
-0.117226
0.114774
-0.091226
-0.477226
0.171774
-0.021226
-0.205226
0.330774
0.128774
0.177774
-0.354226
0.338774
0.400774
0.484774
0.083774
0.143774
-0.112226
-0.281226
0.299774
-0.490226
0.035774
0.183774
0.489774
-0.383226
-0.480226
-0.322226
-0.136226
-0.108226
-0.140226
-0.194226
0.252774
0.237774
-0.233226
0.007774
0.254774
0.432774
0.480774
-0.104226
-0.390226
0.456774
-0.080226
-0.250226
-0.358226
0.167774
-0.271226
0.219774
-0.194226
0.463774
0.432774
-0.048226
0.467774
0.314774
-0.018226
0.452774
0.425774
-0.003226
-0.023226
-0.216226
-0.265226
0.330774
0.435774
0.481774
0.414774
0.048774
0.336774
-0.483226
0.328774
-0.336226
-0.093226
0.432774
-0.385226
-0.326226
-0.322226
-0.249226
0.335774
0.252774
-0.183226
-0.364226
-0.437226
0.095774
0.082774
-0.474226
-0.095226
-0.441226
-0.175226
0.176774
0.401774
0.295774
-0.192226
-0.016226
0.120774
0.089774
-0.040226
0.382774
-0.366226
0.142774
0.393774
0.456774
0.301774
-0.205226
-0.264226
-0.237226
-0.037226
0.259774
0.008774
0.144774
0.007774
-0.328226
0.275774
0.064774
0.262774
0.204774
0.436774
0.013774
-0.390226
-0.244226
-0.314226
-0.141226
-0.454226
-0.012226
0.336774
-0.486226
-0.428226
0.142774
0.390774
0.051774
-0.219226
0.278774
0.354774
-0.423226
-0.080226
-0.414226
-0.166226
-0.270226
0.339774
-0.311226
-0.279226
0.193774
0.207774
0.490774
-0.246226
-0.035226
-0.458226
0.036774
0.472774
-0.353226
0.287774
-0.347226
0.351774
-0.320226
0.486774
-0.465226
0.039774
-0.446226
0.171774
0.276774
0.099774
-0.201226
0.401774
0.301774
0.221774
-0.183226
0.381774
-0.097226
0.392774
0.215774
0.437774
-0.392226
-0.095226
0.139774
-0.054226
0.504774
-0.401226
0.333774
0.387774
-0.081226
-0.173226
0.169774
0.065774
-0.327226
-0.303226
0.399774
-0.298226
0.230774
0.447774
-0.279226
0.002774
0.393774
0.013774
-0.101226
0.189774
-0.269226
-0.438226
0.417774
0.127774
-0.199226
0.128774
0.411774
0.255774
-0.120226
0.046774
0.047774
0.230774
0.139774
-0.124226
0.112774
-0.447226
0.197774
0.129774
0.465774
0.364774
0.320774
0.359774
-0.086226
0.397774
-0.346226
0.128774
-0.105226
-0.106226
-0.011226
-0.359226
-0.069226
0.213774
0.048774
-0.157226
0.187774
-0.303226
-0.182226
0.094774
0.446774
-0.456226
-0.012226
-0.011226
0.268774
-0.378226
-0.289226
0.228774
0.021774
0.402774
-0.147226
0.333774
-0.385226
0.019774
-0.460226
0.374774
-0.088226
0.039774
-0.002226
-0.346226
0.427774
-0.167226
-0.211226
0.204774
-0.458226
-0.316226
-0.457226
-0.424226
-0.125226
0.206774
-0.483226
0.167774
0.245774
-0.001226
0.002774
0.360774
0.467774
0.208774
0.083774
0.335774
0.105774
0.430774
-0.484226
-0.433226
0.296774
-0.450226
0.435774
-0.296226
0.435774
0.279774
-0.148226
0.357774
-0.392226
0.486774
0.409774
-0.004226
-0.335226
-0.201226
0.417774
0.386774
0.499774
-0.218226
0.048774
0.239774
-0.373226
-0.453226
0.095774
-0.059226
0.249774
0.025774
-0.229226
0.201774
0.303774
0.132774
-0.384226
0.094774
-0.471226
-0.102226
0.292774
0.458774
0.024774
-0.361226
-0.336226
0.478774
-0.028226
-0.432226
-0.031226
0.131774
-0.139226
0.232774
0.364774
-0.145226
-0.139226
-0.092226
-0.058226
-0.017226
-0.051226
-0.116226
0.417774
0.044774
0.403774
0.035774
0.093774
0.201774
-0.337226
0.203774
-0.208226
-0.313226
-0.052226
-0.069226
-0.008226
0.466774
0.416774
0.149774
0.439774
-0.117226
-0.436226
0.254774
-0.139226
-0.081226
0.334774
-0.280226
-0.379226
-0.310226
0.474774
0.408774
0.166774
-0.082226
-0.213226
0.079774
-0.190226
0.036774
-0.038226
-0.250226
0.085774
0.118774
-0.200226
-0.276226
-0.348226
0.241774
0.148774
0.138774
0.203774
0.411774
0.134774
0.489774
-0.210226
0.193774
-0.408226
0.496774
-0.041226
0.420774
-0.288226
0.073774
-0.395226
-0.319226
0.328774
0.266774
0.444774
-0.390226
0.192774
0.100774
0.493774
0.000774
0.344774
0.073774
-0.386226
-0.361226
-0.356226
0.112774
-0.272226
-0.361226
-0.254226
-0.222226
-0.454226
-0.273226
-0.238226
-0.170226
0.414774
-0.152226
-0.179226
-0.131226
0.114774
0.378774
-0.211226
0.214774
-0.446226
-0.387226
0.327774
-0.154226
0.068774
0.366774
0.440774
0.056774
-0.138226
-0.367226
-0.023226
0.321774
0.117774
0.114774
-0.071226
0.339774
0.248774
-0.479226
-0.388226
-0.359226
-0.257226
-0.131226
-0.035226
0.003774
-0.437226
-0.368226
0.366774
-0.475226
-0.494226
0.002774
0.233774
-0.094226
0.109774
0.407774
-0.402226
-0.327226
0.268774
-0.114226
-0.423226
-0.023226
0.012774
0.399774
-0.207226
-0.375226
0.361774
-0.431226
0.459774
0.456774
-0.416226
-0.082226
-0.408226
0.172774
-0.367226
0.402774
-0.328226
-0.309226
-0.471226
-0.115226
-0.290226
-0.119226
-0.266226
-0.210226
-0.366226
0.337774
0.043774
-0.274226
-0.142226
0.158774
0.457774
0.280774
-0.370226
-0.035226
0.174774
0.268774
0.436774
0.030774
0.331774
-0.257226
0.333774
-0.237226
0.154774
0.419774
-0.218226
0.282774
0.316774
-0.052226
-0.180226
-0.307226
-0.320226
0.375774
0.067774
-0.092226
-0.340226
-0.452226
0.092774
0.197774
0.120774
-0.203226
-0.149226
0.072774
-0.428226
0.326774
-0.115226
-0.407226
0.089774
-0.184226
0.470774
0.268774
0.052774
0.298774
-0.474226
-0.298226
0.213774
0.153774
0.478774
0.376774
-0.051226
0.144774
-0.436226
0.122774
0.014774
0.478774
-0.123226
0.168774
-0.479226
-0.184226
0.212774
0.487774
0.106774
-0.090226
0.055774
0.172774
-0.269226
0.434774
-0.387226
0.315774
0.096774
-0.422226
0.430774
-0.356226
0.370774
-0.197226
0.191774
0.430774
0.450774
-0.482226
0.302774
-0.106226
0.156774
-0.287226
-0.137226
-0.333226
0.037774
0.234774
-0.318226
0.405774
-0.455226
0.389774
0.387774
0.498774
-0.206226
-0.062226
0.165774
0.371774
0.218774
0.272774
0.181774
-0.190226
-0.303226
0.458774
0.299774
-0.437226
-0.244226
-0.013226
0.487774
-0.299226
0.350774
-0.363226
0.441774
0.001774
-0.155226
-0.201226
-0.485226
0.376774
-0.472226
-0.308226
0.276774
-0.080226
-0.072226
-0.488226
-0.087226
0.215774
0.295774
-0.075226
0.433774
0.009774
0.044774
0.461774
-0.334226
0.235774
0.414774
0.460774
0.292774
-0.335226
0.293774
-0.372226
0.212774
0.138774
-0.241226
0.148774
-0.365226
0.449774
0.441774
-0.355226
-0.326226
-0.183226
0.182774
-0.203226
0.230774
-0.395226
-0.197226
-0.010226
-0.333226
-0.406226
0.408774
-0.404226
0.097774
0.299774
-0.448226
0.257774
0.030774
-0.186226
-0.435226
0.169774
-0.027226
0.352774
-0.356226
0.031774
-0.014226
0.249774
0.026774
0.467774
0.193774
-0.036226
-0.041226
0.361774
-0.373226
-0.364226
-0.346226
-0.296226
0.086774
0.302774
0.187774
0.247774
0.390774
0.442774
-0.310226
0.334774
0.237774
0.088774
0.439774
0.114774
0.396774
0.498774
0.130774
0.215774
-0.301226
0.269774
-0.257226
0.178774
0.013774
0.263774
0.140774
-0.298226
0.073774
-0.406226
-0.089226
-0.453226
0.075774
0.410774
-0.255226
-0.343226
0.207774
0.426774
-0.248226
0.093774
0.364774
-0.064226
0.274774
0.448774
-0.129226
0.208774
0.057774
-0.238226
-0.445226
-0.317226
0.472774
-0.252226
0.446774
0.061774
-0.227226
0.306774
0.171774
0.408774
0.503774
-0.259226
-0.151226
0.260774
0.133774
0.419774
0.165774
0.373774
-0.077226
-0.132226
0.294774
0.168774
-0.192226
-0.494226
-0.048226
-0.422226
-0.199226
0.316774
-0.367226
0.352774
-0.074226
-0.318226
-0.117226
-0.107226
0.275774
-0.176226
-0.199226
-0.456226
-0.022226
0.466774
-0.201226
-0.024226
0.053774
0.141774
0.082774
-0.317226
0.407774
-0.257226
-0.449226
0.177774
0.104774
-0.308226
-0.159226
-0.240226
0.044774
-0.361226
-0.168226
0.339774
-0.197226
0.310774
0.187774
0.222774
-0.160226
-0.083226
-0.038226
-0.390226
-0.413226
0.256774
-0.000226
0.058774
-0.430226
0.292774
-0.119226
0.118774
0.281774
0.457774
-0.352226
-0.464226
-0.305226
-0.307226
-0.440226
-0.353226
0.230774
0.247774
-0.099226
-0.230226
0.380774
-0.421226
-0.395226
0.029774
0.383774
-0.361226
-0.253226
-0.282226
0.049774
-0.445226
0.174774
0.130774
-0.342226
0.020774
-0.315226
-0.277226
0.160774
0.059774
-0.312226
0.288774
0.012774
-0.170226
0.318774
-0.446226
0.368774
0.373774
-0.305226
0.093774
0.115774
0.089774
-0.289226
0.342774
-0.485226
0.161774
-0.132226
0.393774
0.294774
0.460774
-0.042226
0.190774
-0.489226
-0.021226
0.167774
-0.337226
0.494774
-0.301226
0.231774
0.149774
0.253774
0.413774
-0.067226
0.112774
0.089774
0.097774
0.160774
-0.047226
0.317774
-0.297226
-0.106226
0.279774
-0.361226
0.098774
0.469774
-0.351226
-0.245226
-0.168226
-0.463226
-0.104226
0.138774
0.340774
-0.419226
0.143774
-0.185226
0.242774
-0.346226
0.155774
0.436774
-0.268226
-0.200226
-0.463226

